0.553885	-0.048023	0.647810	-0.066540	0.631185	-0.102906	0.712877	-0.151616	0.701998	-0.172008	0.759048	-0.158007	0.802348	-0.076923	0.852328	-0.129735	0.868294	-0.109613	0.886716	-0.187219	0.929632	-0.121576	0.949048	-0.163224	0.954749	-0.142821	0.964880	-0.148239	0.823106	-0.257629	1.002004	-0.293208	0.899551	-0.280124	0.944513	-0.327625	0.903567	-0.321356	0.887179	-0.356875	0.937259	-0.404496	0.982630	-0.436576	0.992191	-0.462530	0.886330	-0.387680	0.894912	-0.449580	0.889635	-0.454572	0.970100	-0.518447	0.928739	-0.527588	0.918187	-0.537576	0.932883	-0.563677	0.873669	-0.474691	0.789173	-0.369577	0.754707	-0.502258	0.736920	-0.404123	0.739576	-0.491555	0.666769	-0.330500	0.652431	-0.288955	0.585552	-0.292259	0.600117	-0.323506	0.635483	-0.345025	0.599129	-0.359436	0.571681	-0.425300	0.550592	-0.445278	0.580111	-0.492337	0.595521	-0.492756	0.679032	-0.448774	0.517355	-0.531732	0.547466	-0.558266	0.645800	-0.535274	0.706772	-0.562654	
-0.048023	0.006377	-0.056123	0.007974	-0.054690	0.011110	-0.061735	0.015311	-0.060797	0.017070	-0.065717	0.015862	-0.069451	0.008869	-0.073762	0.013424	-0.075139	0.011689	-0.076727	0.018382	-0.080429	0.012720	-0.082103	0.016312	-0.082595	0.014553	-0.083469	0.015020	-0.071242	0.024454	-0.086670	0.027522	-0.077834	0.026394	-0.081712	0.030491	-0.078181	0.029950	-0.076767	0.033013	-0.081087	0.037120	-0.084999	0.039887	-0.085824	0.042125	-0.076694	0.035670	-0.077434	0.041009	-0.076979	0.041439	-0.083919	0.046948	-0.080352	0.047736	-0.079442	0.048598	-0.080709	0.050849	-0.075602	0.043174	-0.068315	0.034109	-0.065343	0.045552	-0.063809	0.037088	-0.064038	0.044629	-0.057758	0.030739	-0.056522	0.027156	-0.050754	0.027441	-0.052010	0.030135	-0.055060	0.031991	-0.051925	0.033234	-0.049558	0.038915	-0.047739	0.040638	-0.050285	0.044696	-0.051614	0.044732	-0.058816	0.040939	-0.044872	0.048094	-0.047469	0.050382	-0.055950	0.048399	-0.061208	0.050760	
0.647810	-0.056123	0.882459	-0.102295	0.841018	-0.192767	1.044598	-0.314340	1.017472	-0.365176	1.159722	-0.330244	1.267664	-0.128091	1.392275	-0.259766	1.432079	-0.209599	1.478008	-0.403083	1.585004	-0.239423	1.633412	-0.343259	1.647625	-0.292392	1.672881	-0.305900	1.319416	-0.578636	1.765436	-0.667333	1.510006	-0.634713	1.622102	-0.753140	1.520019	-0.737508	1.479161	-0.826063	1.604018	-0.944788	1.717134	-1.024766	1.740970	-1.089474	1.477044	-0.902864	1.498442	-1.057187	1.485284	-1.069634	1.685894	-1.228882	1.582776	-1.251670	1.556469	-1.276572	1.593108	-1.341645	1.445480	-1.119791	1.234820	-0.857728	1.148895	-1.188519	1.104548	-0.943859	1.111170	-1.161836	0.929655	-0.760305	0.893916	-0.656728	0.727172	-0.664963	0.763483	-0.742868	0.851657	-0.796517	0.761022	-0.832448	0.692589	-0.996656	0.640011	-1.046462	0.713607	-1.163785	0.752024	-1.164830	0.960228	-1.055178	0.557149	-1.262001	0.632218	-1.328154	0.877377	-1.270834	1.029387	-1.339094	
-0.066540	0.007974	-0.102295	0.015210	-0.096015	0.028885	-0.126857	0.047292	-0.122748	0.054993	-0.144287	0.049706	-0.160634	0.019094	-0.179503	0.039032	-0.185531	0.031435	-0.192486	0.060734	-0.208688	0.035952	-0.216018	0.051675	-0.218170	0.043973	-0.221995	0.046018	-0.168471	0.087316	-0.236010	0.100749	-0.197331	0.095809	-0.214306	0.113742	-0.198848	0.111375	-0.192660	0.124785	-0.211567	0.142763	-0.228696	0.154874	-0.232306	0.164673	-0.192340	0.136415	-0.195580	0.159784	-0.193588	0.161668	-0.223966	0.185783	-0.208351	0.189234	-0.204367	0.193005	-0.209915	0.202859	-0.187560	0.169264	-0.155660	0.129580	-0.142648	0.179671	-0.135933	0.142623	-0.136936	0.175631	-0.109449	0.114827	-0.104036	0.099143	-0.078787	0.100390	-0.084286	0.112187	-0.097638	0.120311	-0.083913	0.125752	-0.073550	0.150617	-0.065589	0.158160	-0.076733	0.175926	-0.082551	0.176084	-0.114079	0.159479	-0.053041	0.190798	-0.064408	0.200816	-0.101533	0.192136	-0.124551	0.202473	
0.631185	-0.054690	0.841018	-0.096015	0.804138	-0.176968	0.985951	-0.285549	0.961717	-0.330965	1.088792	-0.299753	1.185213	-0.119173	1.296527	-0.236797	1.332084	-0.191984	1.373111	-0.364820	1.468689	-0.218625	1.511931	-0.311381	1.524627	-0.265941	1.547188	-0.278008	1.231442	-0.521643	1.629866	-0.600871	1.401694	-0.571733	1.501828	-0.677523	1.410639	-0.663559	1.374141	-0.742663	1.485673	-0.848718	1.586717	-0.920161	1.608009	-0.977963	1.372250	-0.811268	1.391364	-0.949122	1.379611	-0.960240	1.558811	-1.102494	1.466698	-1.122850	1.443198	-1.145095	1.475927	-1.203223	1.344054	-1.005045	1.155875	-0.770948	1.079120	-1.066438	1.039506	-0.847888	1.045421	-1.042603	0.883276	-0.683922	0.851355	-0.591397	0.702403	-0.598754	0.734839	-0.668345	0.813603	-0.716269	0.732640	-0.748366	0.671510	-0.895050	0.624543	-0.939542	0.690285	-1.044344	0.724603	-1.045277	0.910587	-0.947327	0.550524	-1.132078	0.617582	-1.191172	0.836578	-1.139968	0.972366	-1.200944	
-0.102906	0.011110	-0.192767	0.028885	-0.176968	0.063597	-0.254876	0.110085	-0.244495	0.129543	-0.298929	0.116177	-0.340237	0.038819	-0.387922	0.089206	-0.403154	0.070008	-0.420729	0.144049	-0.461674	0.081421	-0.480198	0.121157	-0.485637	0.101691	-0.495302	0.106860	-0.360041	0.211227	-0.530720	0.245170	-0.432974	0.232687	-0.475871	0.278006	-0.436806	0.272024	-0.421171	0.305911	-0.468950	0.351345	-0.512236	0.381950	-0.521358	0.406712	-0.420361	0.335301	-0.428549	0.394357	-0.423514	0.399120	-0.500282	0.460060	-0.460821	0.468780	-0.450754	0.478310	-0.464775	0.503211	-0.408282	0.418314	-0.327668	0.318029	-0.294787	0.444614	-0.277816	0.350989	-0.280350	0.434403	-0.210889	0.280748	-0.197212	0.241112	-0.133404	0.244263	-0.147300	0.274075	-0.181041	0.294605	-0.146358	0.308355	-0.120170	0.371193	-0.100050	0.390253	-0.128213	0.435149	-0.142915	0.435549	-0.222589	0.393588	-0.068341	0.472734	-0.097068	0.498049	-0.190884	0.476114	-0.249054	0.502235	
0.712877	-0.061735	1.044598	-0.126857	0.985951	-0.254876	1.275118	-0.427680	1.236556	-0.499865	1.438537	-0.450281	1.591812	-0.163250	1.768741	-0.350208	1.825260	-0.278976	1.890472	-0.553698	2.042393	-0.321323	2.111126	-0.468758	2.131307	-0.396532	2.167168	-0.415712	1.665295	-0.802954	2.298585	-0.928898	1.935908	-0.882582	2.095070	-1.050733	1.950125	-1.028538	1.892111	-1.154274	2.069392	-1.322850	2.230003	-1.436410	2.263847	-1.528286	1.889105	-1.263323	1.919486	-1.482443	1.900805	-1.500116	2.185646	-1.726230	2.039231	-1.758586	2.001877	-1.793944	2.053900	-1.886339	1.844287	-1.571334	1.545176	-1.199236	1.423172	-1.668919	1.360206	-1.321531	1.369607	-1.631032	1.111876	-1.060907	1.061131	-0.913842	0.824374	-0.925534	0.875931	-1.036148	1.001128	-1.112324	0.872437	-1.163341	0.775270	-1.396496	0.700616	-1.467215	0.805114	-1.633800	0.859662	-1.635283	1.155286	-1.479590	0.582962	-1.773254	0.689550	-1.867184	1.037648	-1.785796	1.253484	-1.882717	
-0.151616	0.015311	-0.314340	0.047292	-0.285549	0.110085	-0.427680	0.195288	-0.408732	0.230739	-0.508067	0.206341	-0.583418	0.065201	-0.670424	0.157146	-0.698215	0.122120	-0.730282	0.257209	-0.804986	0.142940	-0.838785	0.215439	-0.848709	0.179923	-0.866343	0.189355	-0.619552	0.379787	-0.930964	0.441710	-0.752622	0.418935	-0.830888	0.501622	-0.759614	0.490707	-0.731087	0.552535	-0.818261	0.635429	-0.897238	0.691269	-0.913880	0.736447	-0.729609	0.606157	-0.744549	0.713905	-0.735362	0.722595	-0.875426	0.833781	-0.803430	0.849691	-0.785063	0.867078	-0.810644	0.912511	-0.707571	0.757614	-0.560490	0.574643	-0.500498	0.805600	-0.469535	0.634779	-0.474158	0.786970	-0.347428	0.506623	-0.322480	0.434306	-0.206055	0.440055	-0.231408	0.494448	-0.292971	0.531907	-0.229689	0.556993	-0.181910	0.671643	-0.145200	0.706417	-0.196584	0.788331	-0.223407	0.789060	-0.368772	0.712502	-0.087347	0.856904	-0.139759	0.903091	-0.310926	0.863071	-0.417058	0.910729	
0.701998	-0.060797	1.017472	-0.122748	0.961717	-0.244495	1.236556	-0.408732	1.199987	-0.477346	1.391896	-0.430208	1.537557	-0.157436	1.705698	-0.335106	1.759408	-0.267413	1.821381	-0.528489	1.965756	-0.307656	2.031074	-0.447767	2.050253	-0.379129	2.084333	-0.397356	1.607389	-0.765364	2.209221	-0.885051	1.864559	-0.841037	2.015815	-1.000835	1.878070	-0.979743	1.822938	-1.099233	1.991413	-1.259435	2.144045	-1.367353	2.176208	-1.454667	1.820081	-1.202865	1.848953	-1.411101	1.831200	-1.427896	2.101892	-1.642777	1.962749	-1.673526	1.927252	-1.707128	1.976690	-1.794934	1.777489	-1.495575	1.493236	-1.141962	1.377293	-1.588313	1.317454	-1.258182	1.326389	-1.552308	1.081466	-1.010506	1.033231	-0.870747	0.808252	-0.881863	0.857247	-0.986978	0.976222	-1.059368	0.853925	-1.107850	0.761585	-1.329424	0.690640	-1.396630	0.789946	-1.554938	0.841783	-1.556348	1.122718	-1.408391	0.578831	-1.687464	0.680124	-1.776727	1.010925	-1.699382	1.216037	-1.791489	
-0.172008	0.017070	-0.365176	0.054993	-0.330965	0.129543	-0.499865	0.230739	-0.477346	0.272975	-0.595428	0.243929	-0.685023	0.076133	-0.788459	0.185435	-0.821498	0.143793	-0.859622	0.304397	-0.948434	0.168548	-0.988616	0.254739	-1.000414	0.212516	-1.021378	0.223728	-0.727978	0.450133	-1.098202	0.523745	-0.886179	0.496669	-0.979226	0.594972	-0.894492	0.581996	-0.860578	0.655500	-0.964215	0.754047	-1.058105	0.820432	-1.077890	0.874142	-0.858821	0.719248	-0.876582	0.847343	-0.865661	0.857674	-1.032175	0.989857	-0.946582	1.008772	-0.924746	1.029442	-0.955158	1.083455	-0.832621	0.899307	-0.657764	0.681781	-0.586443	0.956354	-0.549634	0.753275	-0.555130	0.934205	-0.404465	0.600916	-0.374810	0.514942	-0.236403	0.521780	-0.266542	0.586443	-0.339730	0.630973	-0.264499	0.660797	-0.207696	0.797100	-0.164054	0.838441	-0.225142	0.935823	-0.257030	0.936690	-0.429844	0.845676	-0.095276	1.017345	-0.157586	1.072254	-0.361075	1.024677	-0.487248	1.081335	
0.759048	-0.065717	1.159722	-0.144287	1.088792	-0.298929	1.438537	-0.508067	1.391896	-0.595428	1.636593	-0.535442	1.822202	-0.187771	2.036508	-0.414220	2.104962	-0.327946	2.183944	-0.660690	2.367951	-0.379239	2.451199	-0.557810	2.475642	-0.470331	2.519076	-0.493560	1.911204	-0.962583	2.678243	-1.115121	2.238974	-1.059023	2.431749	-1.262686	2.256194	-1.235803	2.185928	-1.388093	2.400649	-1.592269	2.595178	-1.729810	2.636169	-1.841090	2.182287	-1.520170	2.219086	-1.785565	2.196459	-1.806970	2.541454	-2.080836	2.364118	-2.120025	2.318876	-2.162851	2.381886	-2.274759	2.128006	-1.893228	1.765725	-1.442545	1.617954	-2.011424	1.541690	-1.590670	1.553075	-1.965536	1.240902	-1.274995	1.179468	-1.096858	0.892661	-1.111010	0.955113	-1.245005	1.106759	-1.337274	0.950881	-1.399070	0.833194	-1.681460	0.742773	-1.767117	0.869341	-1.968887	0.935411	-1.970683	1.293482	-1.782104	0.600266	-2.137798	0.729369	-2.251568	1.150994	-2.152990	1.412422	-2.270381	
-0.158007	0.015862	-0.330244	0.049706	-0.299753	0.116177	-0.450281	0.206341	-0.430208	0.243929	-0.535442	0.218199	-0.615295	0.068576	-0.707505	0.166017	-0.736956	0.128903	-0.770930	0.272049	-0.850091	0.150973	-0.885902	0.227791	-0.896417	0.190158	-0.915101	0.200150	-0.653604	0.401879	-0.983566	0.467515	-0.794610	0.443383	-0.877534	0.530991	-0.802015	0.519428	-0.771786	0.584939	-0.864155	0.672772	-0.947838	0.731940	-0.965473	0.779811	-0.770220	0.641756	-0.786050	0.755926	-0.776316	0.765134	-0.924727	0.882946	-0.848440	0.899805	-0.828978	0.918228	-0.856084	0.966369	-0.746868	0.802240	-0.591021	0.608363	-0.527451	0.853087	-0.494641	0.672084	-0.499541	0.833346	-0.365249	0.536280	-0.338820	0.459648	-0.215437	0.465735	-0.242304	0.523378	-0.307541	0.563073	-0.240484	0.589657	-0.189855	0.711140	-0.150957	0.747988	-0.205405	0.834788	-0.233828	0.835561	-0.387867	0.754436	-0.089651	0.907452	-0.145190	0.956395	-0.326570	0.913987	-0.439033	0.964487	
0.802348	-0.069451	1.267664	-0.160634	1.185213	-0.340237	1.591812	-0.583418	1.537557	-0.685023	1.822202	-0.615295	2.038646	-0.210541	2.288031	-0.474130	2.367717	-0.373707	2.459648	-0.761003	2.673817	-0.433412	2.770711	-0.641255	2.799161	-0.539436	2.849714	-0.566472	2.142112	-1.112373	3.034974	-1.289923	2.523663	-1.224626	2.748054	-1.461692	2.543706	-1.430399	2.461913	-1.607665	2.711852	-1.845328	2.938285	-2.005428	2.986000	-2.134959	2.457675	-1.761405	2.500510	-2.070327	2.474172	-2.095242	2.875750	-2.414026	2.669329	-2.459642	2.616668	-2.509492	2.690011	-2.639754	2.394492	-2.195648	1.972788	-1.671038	1.800780	-2.333230	1.712004	-1.843464	1.725259	-2.279815	1.361830	-1.475987	1.290354	-1.268612	0.956493	-1.285107	1.029186	-1.441074	1.205704	-1.548477	1.024260	-1.620407	0.887267	-1.949128	0.782010	-2.048838	0.929344	-2.283713	1.006254	-2.285804	1.423075	-2.066286	0.616120	-2.480338	0.766406	-2.612775	1.257210	-2.498023	1.561528	-2.634670	
-0.076923	0.008869	-0.128091	0.019094	-0.119173	0.038819	-0.163250	0.065201	-0.157436	0.076133	-0.187771	0.068576	-0.210541	0.025881	-0.236953	0.053686	-0.245398	0.043034	-0.255158	0.084119	-0.277881	0.049365	-0.288166	0.071423	-0.291185	0.060620	-0.296550	0.063490	-0.221532	0.121467	-0.316239	0.140308	-0.261974	0.133376	-0.285789	0.158534	-0.264103	0.155215	-0.255430	0.174026	-0.281950	0.199249	-0.305978	0.216237	-0.311041	0.229983	-0.254980	0.190341	-0.259522	0.223125	-0.256728	0.225769	-0.299342	0.259596	-0.277437	0.264437	-0.271849	0.269727	-0.279632	0.283550	-0.248272	0.236423	-0.203532	0.180772	-0.185278	0.251021	-0.175869	0.199056	-0.177266	0.245353	-0.138729	0.160111	-0.131084	0.138128	-0.095709	0.139866	-0.103421	0.156408	-0.122144	0.167799	-0.102898	0.175430	-0.088371	0.210280	-0.077209	0.220857	-0.092835	0.245769	-0.100992	0.245990	-0.145209	0.222704	-0.059611	0.266625	-0.075552	0.280673	-0.127614	0.268502	-0.159898	0.283001	
0.852328	-0.073762	1.392275	-0.179503	1.296527	-0.387922	1.768741	-0.670424	1.705698	-0.788459	2.036508	-0.707505	2.288031	-0.236953	2.578153	-0.543399	2.670691	-0.426664	2.777534	-0.876874	3.026491	-0.496085	3.139108	-0.737663	3.172177	-0.619314	3.230936	-0.650737	2.408422	-1.285214	3.446255	-1.491610	2.851945	-1.415713	3.112760	-1.691261	2.875239	-1.654889	2.780162	-1.860933	3.070679	-2.137178	3.333874	-2.323271	3.389336	-2.473832	2.775236	-2.039631	2.825027	-2.398706	2.794413	-2.427667	3.261186	-2.798206	3.021253	-2.851227	2.960042	-2.909171	3.045293	-3.060581	2.701796	-2.544373	2.211623	-1.934583	2.011689	-2.704294	1.908492	-2.135009	1.923906	-2.642206	1.501466	-1.707840	1.418411	-1.466787	1.030315	-1.485961	1.114812	-1.667258	1.319996	-1.792103	1.109087	-1.875713	0.949846	-2.257821	0.827497	-2.373723	0.998755	-2.646737	1.088154	-2.649167	1.572656	-2.394006	0.634671	-2.875290	0.809360	-3.029232	1.379859	-2.895845	1.733588	-3.054677	
-0.129735	0.013424	-0.259766	0.039032	-0.236797	0.089206	-0.350208	0.157146	-0.335106	0.185435	-0.414220	0.166017	-0.474130	0.053686	-0.543399	0.126959	-0.565515	0.099039	-0.591059	0.206560	-0.650509	0.115608	-0.677418	0.173321	-0.685316	0.145052	-0.699352	0.152562	-0.502935	0.304100	-0.750797	0.353415	-0.608846	0.335284	-0.671142	0.401099	-0.614409	0.392413	-0.591702	0.441628	-0.661093	0.507614	-0.723960	0.552064	-0.737208	0.588027	-0.590525	0.484312	-0.602416	0.570083	-0.595103	0.577001	-0.706598	0.665507	-0.649287	0.678172	-0.634666	0.692013	-0.655029	0.728178	-0.572981	0.604877	-0.455905	0.459234	-0.408145	0.643075	-0.383502	0.507099	-0.387178	0.628245	-0.286283	0.405094	-0.266405	0.347526	-0.173729	0.352095	-0.193913	0.395400	-0.242921	0.425219	-0.192545	0.445190	-0.154516	0.536438	-0.125295	0.564120	-0.166198	0.629328	-0.187550	0.629908	-0.303278	0.568962	-0.079237	0.683918	-0.120961	0.720687	-0.257227	0.688829	-0.341719	0.726768	
0.868294	-0.075139	1.432079	-0.185531	1.332084	-0.403154	1.825260	-0.698215	1.759408	-0.821498	2.104962	-0.736956	2.367717	-0.245398	2.670691	-0.565515	2.767529	-0.443560	2.879090	-0.913896	3.139183	-0.516087	3.256833	-0.768471	3.291382	-0.644830	3.352765	-0.677657	2.493492	-1.340431	3.577681	-1.556057	2.956840	-1.476772	3.229298	-1.764622	2.981171	-1.726626	2.881845	-1.941870	3.185337	-2.230450	3.460285	-2.424853	3.518223	-2.582138	2.876700	-2.128548	2.928714	-2.503656	2.896733	-2.533910	3.384351	-2.920997	3.133703	-2.976386	3.069759	-3.036917	3.158817	-3.195088	2.799980	-2.655829	2.287915	-2.018801	2.079055	-2.822892	1.971242	-2.228183	1.987352	-2.758031	1.546063	-1.781919	1.459309	-1.530102	1.053878	-1.550136	1.142148	-1.739527	1.356496	-1.869948	1.136167	-1.957293	0.969809	-2.356482	0.841994	-2.477559	1.020902	-2.762764	1.114292	-2.765304	1.620421	-2.498750	0.640560	-3.001522	0.823049	-3.162337	1.419018	-3.022993	1.788538	-3.188917	
-0.109613	0.011689	-0.209599	0.031435	-0.191984	0.070008	-0.278976	0.122120	-0.267413	0.143793	-0.327946	0.128903	-0.373707	0.043034	-0.426664	0.099039	-0.443560	0.077783	-0.463079	0.159900	-0.508505	0.090395	-0.529070	0.134496	-0.535105	0.112893	-0.545835	0.118634	-0.395724	0.234515	-0.585186	0.272201	-0.476660	0.258339	-0.524288	0.308655	-0.480916	0.302015	-0.463562	0.339639	-0.516607	0.390084	-0.564667	0.424064	-0.574794	0.451556	-0.462662	0.372270	-0.471751	0.437839	-0.466161	0.443127	-0.551395	0.510787	-0.507583	0.520468	-0.496406	0.531049	-0.511972	0.558696	-0.449250	0.464438	-0.359755	0.353110	-0.323243	0.493638	-0.304414	0.389693	-0.307214	0.482300	-0.230072	0.311742	-0.214856	0.267736	-0.144021	0.271224	-0.159451	0.304330	-0.196913	0.327123	-0.158406	0.342390	-0.129342	0.412120	-0.107007	0.433282	-0.138272	0.483128	-0.154595	0.483572	-0.243072	0.436979	-0.071795	0.524861	-0.103692	0.552970	-0.207865	0.528617	-0.272460	0.557621	
0.886716	-0.076727	1.478008	-0.192486	1.373111	-0.420729	1.890472	-0.730282	1.821381	-0.859622	2.183944	-0.770930	2.459648	-0.255158	2.777534	-0.591059	2.879090	-0.463079	2.996326	-0.956640	3.269187	-0.539174	3.392661	-0.804043	3.428913	-0.674291	3.493327	-0.708745	2.591633	-1.404132	3.729310	-1.630407	3.077860	-1.547213	3.363750	-1.849256	3.103388	-1.809387	2.999158	-2.035245	3.317619	-2.338056	3.606128	-2.542048	3.666923	-2.707089	2.993759	-2.231130	3.048340	-2.624737	3.014781	-2.656484	3.526448	-3.062661	3.263438	-3.120782	3.196340	-3.184298	3.289791	-3.350270	2.913256	-2.784414	2.375932	-2.115962	2.156774	-2.959717	2.043634	-2.335675	2.060549	-2.891659	1.597523	-1.867380	1.506501	-1.603148	1.081073	-1.624173	1.173695	-1.822901	1.398615	-1.959755	1.167419	-2.051407	0.992849	-2.470309	0.858728	-2.597355	1.046461	-2.896626	1.144457	-2.899291	1.675532	-2.619596	0.647366	-3.147155	0.838852	-3.315898	1.464201	-3.169682	1.851936	-3.343788	
-0.187219	0.018382	-0.403083	0.060734	-0.364820	0.144049	-0.553698	0.257209	-0.528489	0.304397	-0.660690	0.272049	-0.761003	0.084119	-0.876874	0.206560	-0.913896	0.159900	-0.956640	0.339899	-1.056140	0.187640	-1.101164	0.284226	-1.114385	0.236914	-1.137873	0.249480	-0.809193	0.502890	-1.223859	0.585432	-0.986439	0.555109	-1.090632	0.665188	-0.995737	0.650660	-0.957738	0.732981	-1.073817	0.843355	-1.178978	0.917710	-1.201138	0.977868	-0.955770	0.804381	-0.975664	0.947851	-0.963432	0.959423	-1.149935	1.107475	-1.054068	1.128660	-1.029610	1.151812	-1.063673	1.212309	-0.926426	1.006054	-0.730570	0.762400	-0.650684	1.069953	-0.609433	0.842487	-0.615610	1.045147	-0.446867	0.671772	-0.413671	0.575466	-0.258603	0.583122	-0.292367	0.655562	-0.374356	0.705449	-0.290078	0.738859	-0.226441	0.891564	-0.177553	0.937873	-0.245983	1.046958	-0.281703	1.047929	-0.475274	0.945982	-0.100513	1.138275	-0.170309	1.199781	-0.398245	1.146484	-0.539572	1.209945	
0.929632	-0.080429	1.585004	-0.208688	1.468689	-0.461674	2.042393	-0.804986	1.965756	-0.948434	2.367951	-0.850091	2.673817	-0.277881	3.026491	-0.650509	3.139183	-0.508505	3.269187	-1.056140	3.572099	-0.592934	3.709039	-0.886838	3.749268	-0.742866	3.820734	-0.781094	2.820283	-1.552546	4.082515	-1.803629	3.359777	-1.711332	3.676951	-2.046427	3.388093	-2.002196	3.272445	-2.252775	3.625768	-2.588729	3.945857	-2.815051	4.013307	-2.998159	3.266456	-2.470101	3.327012	-2.906792	3.289780	-2.942013	3.857456	-3.392653	3.565656	-3.457136	3.491213	-3.527605	3.594894	-3.711745	3.177142	-3.083948	2.580993	-2.342310	2.337847	-3.278442	2.212306	-2.586085	2.231090	-3.202934	1.717409	-2.066483	1.616442	-1.773327	1.144431	-1.796657	1.247192	-2.017139	1.496738	-2.168977	1.240228	-2.270663	1.046535	-2.735459	0.897729	-2.876413	1.106017	-3.208445	1.214739	-3.211402	1.803935	-2.901094	0.663235	-3.486396	0.875680	-3.673609	1.569475	-3.511385	1.999645	-3.704548	
-0.121576	0.012720	-0.239423	0.035952	-0.218625	0.081421	-0.321323	0.142940	-0.307656	0.168548	-0.379239	0.150973	-0.433412	0.049365	-0.496085	0.115608	-0.516087	0.090395	-0.539174	0.187640	-0.592934	0.105467	-0.617260	0.157583	-0.624401	0.132025	-0.637094	0.138811	-0.459469	0.275888	-0.683638	0.320483	-0.555243	0.304083	-0.611591	0.363612	-0.560277	0.355755	-0.539742	0.400269	-0.602503	0.459952	-0.659363	0.500155	-0.671345	0.532682	-0.538678	0.438876	-0.549432	0.516453	-0.542818	0.522709	-0.643660	0.602760	-0.591825	0.614214	-0.578601	0.626733	-0.597019	0.659443	-0.522810	0.547923	-0.416922	0.416200	-0.373724	0.582471	-0.351441	0.459487	-0.354759	0.569057	-0.263489	0.367244	-0.245502	0.315174	-0.161681	0.319304	-0.179937	0.358474	-0.224263	0.385444	-0.178701	0.403507	-0.144310	0.486020	-0.117882	0.511058	-0.154876	0.570036	-0.174189	0.570561	-0.278869	0.515435	-0.076222	0.619413	-0.113961	0.652671	-0.237215	0.623857	-0.313639	0.658172	
0.949048	-0.082103	1.633412	-0.216018	1.511931	-0.480198	2.111126	-0.838785	2.031074	-0.988616	2.451199	-0.885902	2.770711	-0.288166	3.139108	-0.677418	3.256833	-0.529070	3.392661	-1.101164	3.709039	-0.617260	3.852240	-0.924324	3.894196	-0.773892	3.968859	-0.813832	2.923725	-1.619689	4.242322	-1.881999	3.487327	-1.785582	3.818659	-2.135635	3.516906	-2.089429	3.396090	-2.351193	3.765189	-2.702146	4.099568	-2.938572	4.170030	-3.129856	3.389833	-2.578222	3.453094	-3.034409	3.414200	-3.071203	4.007220	-3.541962	3.702392	-3.609324	3.624626	-3.682939	3.732935	-3.875301	3.296532	-3.219474	2.673763	-2.444718	2.419764	-3.422652	2.288609	-2.699381	2.308241	-3.343774	1.771647	-2.156560	1.666182	-1.850319	1.173094	-1.874693	1.280442	-2.105016	1.541131	-2.263634	1.273167	-2.369860	1.070820	-2.855429	0.915369	-3.002676	1.132957	-3.349531	1.246533	-3.352620	1.862023	-3.028461	0.670409	-3.639889	0.892337	-3.835458	1.617098	-3.665991	2.066468	-3.867777	
-0.163224	0.016312	-0.343259	0.051675	-0.311381	0.121157	-0.468758	0.215439	-0.447767	0.254739	-0.557810	0.227791	-0.641255	0.071423	-0.737663	0.173321	-0.768471	0.134496	-0.804043	0.284226	-0.886838	0.157583	-0.924324	0.238022	-0.935306	0.198591	-0.954848	0.209047	-0.681360	0.419914	-1.026420	0.488588	-0.828839	0.463353	-0.915548	0.554961	-0.836578	0.542871	-0.804960	0.611376	-0.901556	0.703226	-0.989067	0.765102	-1.007508	0.815163	-0.803323	0.670793	-0.819877	0.790184	-0.809698	0.799814	-0.964899	0.923017	-0.885122	0.940647	-0.864769	0.959913	-0.893115	1.010256	-0.778903	0.838618	-0.615922	0.635865	-0.549444	0.891792	-0.515123	0.702505	-0.520257	0.871149	-0.379834	0.560464	-0.352197	0.480325	-0.223167	0.486693	-0.251263	0.546973	-0.319488	0.588485	-0.249359	0.616287	-0.196408	0.743348	-0.155727	0.781883	-0.212670	0.872656	-0.242393	0.873465	-0.403475	0.788629	-0.091618	0.948645	-0.149698	0.999827	-0.339375	0.955478	-0.456981	1.008288	
0.954749	-0.082595	1.647625	-0.218170	1.524627	-0.485637	2.131307	-0.848709	2.050253	-1.000414	2.475642	-0.896417	2.799161	-0.291185	3.172177	-0.685316	3.291382	-0.535105	3.428913	-1.114385	3.749268	-0.624401	3.894196	-0.935306	3.936819	-0.783004	4.012354	-0.823445	2.954097	-1.639404	4.289230	-1.905012	3.524772	-1.807387	3.860256	-2.161826	3.554720	-2.115042	3.432388	-2.380088	3.806116	-2.735441	4.144688	-2.974832	4.216033	-3.168514	3.426053	-2.609964	3.490107	-3.071871	3.450725	-3.109126	4.051181	-3.585788	3.742531	-3.653995	3.663790	-3.728534	3.773457	-3.923307	3.331582	-3.259257	2.701003	-2.474784	2.443819	-3.464982	2.311017	-2.732642	2.330897	-3.385115	1.787574	-2.183008	1.680788	-1.872925	1.181513	-1.897605	1.290207	-2.130817	1.554166	-2.291425	1.282841	-2.398984	1.077955	-2.890645	0.920554	-3.039738	1.140871	-3.390945	1.255872	-3.394073	1.879082	-3.065848	0.672521	-3.684945	0.897233	-3.882967	1.631085	-3.711374	2.086091	-3.915690	
-0.142821	0.014553	-0.292392	0.043973	-0.265941	0.101691	-0.396532	0.179923	-0.379129	0.212516	-0.470331	0.190158	-0.539436	0.060620	-0.619314	0.145052	-0.644830	0.112893	-0.674291	0.236914	-0.742866	0.132025	-0.773892	0.198591	-0.783004	0.166054	-0.799186	0.174650	-0.572658	0.349358	-0.858498	0.406237	-0.694810	0.385330	-0.766645	0.461223	-0.701224	0.451207	-0.675035	0.507959	-0.755056	0.584051	-0.827552	0.635310	-0.842829	0.676782	-0.673678	0.557181	-0.687391	0.656089	-0.678958	0.664066	-0.807531	0.766130	-0.741441	0.780735	-0.724581	0.796695	-0.748063	0.838401	-0.653447	0.696213	-0.518435	0.528256	-0.463361	0.740262	-0.434937	0.583456	-0.439182	0.723161	-0.322839	0.465808	-0.299929	0.399421	-0.193046	0.404692	-0.216322	0.454631	-0.272839	0.489019	-0.214745	0.512050	-0.170885	0.617289	-0.137187	0.649212	-0.184357	0.724410	-0.208981	0.725079	-0.342432	0.654797	-0.084075	0.787362	-0.132191	0.829763	-0.289328	0.793024	-0.386760	0.836773	
0.964880	-0.083469	1.672881	-0.221995	1.547188	-0.495302	2.167168	-0.866343	2.084333	-1.021378	2.519076	-0.915101	2.849714	-0.296550	3.230936	-0.699352	3.352765	-0.545835	3.493327	-1.137873	3.820734	-0.637094	3.968859	-0.954848	4.012354	-0.799186	4.089702	-0.840518	3.008066	-1.674436	4.372593	-1.945903	3.591313	-1.846129	3.934180	-2.208369	3.621920	-2.160555	3.496892	-2.431435	3.878847	-2.794610	4.224872	-3.039271	4.297788	-3.237217	3.490417	-2.666371	3.555882	-3.138446	3.515632	-3.176521	4.129307	-3.663677	3.813863	-3.733386	3.733388	-3.809565	3.845470	-4.008626	3.393867	-3.329957	2.749404	-2.528212	2.486559	-3.540212	2.350829	-2.791748	2.371151	-3.458587	1.815872	-2.230004	1.706739	-1.913094	1.196470	-1.938318	1.307557	-2.176664	1.577328	-2.340809	1.300028	-2.450736	1.090629	-2.953230	0.929762	-3.105606	1.154931	-3.464545	1.272463	-3.467742	1.909390	-3.132291	0.676270	-3.765017	0.905929	-3.967398	1.655935	-3.792027	2.120956	-4.000841	
-0.148239	0.015020	-0.305900	0.046018	-0.278008	0.106860	-0.415712	0.189355	-0.397356	0.223728	-0.493560	0.200150	-0.566472	0.063490	-0.650737	0.152562	-0.677657	0.118634	-0.708745	0.249480	-0.781094	0.138811	-0.813832	0.209047	-0.823445	0.174650	-0.840518	0.183846	-0.601522	0.368093	-0.903087	0.428105	-0.730400	0.406049	-0.806184	0.486114	-0.737165	0.475548	-0.709534	0.535421	-0.793957	0.615697	-0.870440	0.669775	-0.886557	0.713528	-0.708103	0.587350	-0.722570	0.691697	-0.713674	0.700113	-0.849317	0.807790	-0.779593	0.823198	-0.761806	0.840036	-0.786579	0.884035	-0.686760	0.734027	-0.544321	0.556831	-0.486219	0.780500	-0.456229	0.615069	-0.460710	0.762458	-0.337974	0.490943	-0.313808	0.420904	-0.201045	0.426467	-0.225601	0.479151	-0.285227	0.515431	-0.223937	0.539728	-0.177663	0.650763	-0.142110	0.684442	-0.191876	0.763775	-0.217853	0.764482	-0.358641	0.690336	-0.086079	0.830189	-0.136840	0.874922	-0.302618	0.836162	-0.405406	0.882317	
0.823106	-0.071242	1.319416	-0.168471	1.231442	-0.360041	1.665295	-0.619552	1.607389	-0.727978	1.911204	-0.653604	2.142112	-0.221532	2.408422	-0.502935	2.493492	-0.395724	2.591633	-0.809193	2.820283	-0.459469	2.923725	-0.681360	2.954097	-0.572658	3.008066	-0.601522	2.252836	-1.184197	3.205807	-1.373758	2.660074	-1.304056	2.899573	-1.557082	2.681465	-1.523685	2.594160	-1.712891	2.860936	-1.966567	3.102625	-2.137454	3.153555	-2.275713	2.589637	-1.876988	2.635356	-2.206726	2.607244	-2.233320	3.035878	-2.573582	2.815549	-2.622272	2.759340	-2.675481	2.837625	-2.814519	2.522196	-2.340492	2.072085	-1.780542	1.888474	-2.487348	1.793723	-1.964579	1.807858	-2.430330	1.419819	-1.572336	1.343531	-1.350950	0.987131	-1.368558	1.064729	-1.535057	1.253153	-1.649703	1.059473	-1.726485	0.913259	-2.077321	0.800904	-2.183761	0.958175	-2.434486	1.040276	-2.436718	1.485260	-2.202381	0.623807	-2.644390	0.784240	-2.785771	1.308193	-2.663273	1.633062	-2.809135	
-0.257629	0.024454	-0.578636	0.087316	-0.521643	0.211227	-0.802954	0.379787	-0.765364	0.450133	-0.962583	0.401879	-1.112373	0.121467	-1.285214	0.304100	-1.340431	0.234515	-1.404132	0.502890	-1.552546	0.275888	-1.619689	0.419914	-1.639404	0.349358	-1.674436	0.368093	-1.184197	0.746435	-1.802796	0.869407	-1.448536	0.824165	-1.604005	0.988416	-1.462428	0.966733	-1.405766	1.089547	-1.578925	1.254202	-1.735800	1.365120	-1.768858	1.454860	-1.402830	1.196059	-1.432508	1.410081	-1.414261	1.427343	-1.692475	1.648200	-1.549466	1.679803	-1.512982	1.714339	-1.563795	1.804585	-1.359058	1.496906	-1.066897	1.133446	-0.947725	1.592227	-0.886229	1.252909	-0.895399	1.555219	-0.643614	0.998319	-0.594105	0.854613	-0.362709	0.866019	-0.413089	0.974121	-0.535408	1.048546	-0.409677	1.098393	-0.314772	1.326107	-0.241849	1.395191	-0.343925	1.557920	-0.397211	1.559368	-0.686021	1.407273	-0.126908	1.694154	-0.231034	1.785915	-0.571097	1.706410	-0.781951	1.801084	
1.002004	-0.086670	1.765436	-0.236010	1.629866	-0.530720	2.298585	-0.930964	2.209221	-1.098202	2.678243	-0.983566	3.034974	-0.316239	3.446255	-0.750797	3.577681	-0.585186	3.729310	-1.223859	4.082515	-0.683638	4.242322	-1.026420	4.289230	-0.858498	4.372593	-0.903087	3.205807	-1.802796	4.678231	-2.095725	3.835099	-1.988016	4.205083	-2.378918	3.868138	-2.327319	3.733272	-2.619621	4.145405	-3.011494	4.518770	-3.275484	4.597444	-3.489067	3.726285	-2.873121	3.796925	-3.382490	3.753496	-3.423574	4.415652	-3.949218	4.075287	-4.024434	3.988455	-4.106632	4.109391	-4.321420	3.622109	-3.589131	2.926715	-2.724018	2.643118	-3.815996	2.496648	-3.008396	2.518597	-3.727924	1.919567	-2.402230	1.801832	-2.060303	1.251259	-2.087526	1.371118	-2.344688	1.662201	-2.521802	1.362992	-2.640412	1.137029	-3.182669	0.963454	-3.347075	1.206409	-3.734358	1.333221	-3.737807	2.020401	-3.375877	0.689959	-4.058545	0.937746	-4.276900	1.746944	-4.087681	2.248664	-4.312985	
-0.293208	0.027522	-0.667333	0.100749	-0.600871	0.245170	-0.928898	0.441710	-0.885051	0.523745	-1.115121	0.467515	-1.289923	0.140308	-1.491610	0.353415	-1.556057	0.272201	-1.630407	0.585432	-1.803629	0.320483	-1.881999	0.488588	-1.905012	0.406237	-1.945903	0.428105	-1.373758	0.869407	-2.095725	1.013384	-1.682319	0.960440	-1.863775	1.152148	-1.698549	1.126843	-1.632421	1.270180	-1.834518	1.462349	-2.017605	1.591806	-2.056188	1.696544	-1.628994	1.394492	-1.663631	1.644280	-1.642334	1.664426	-1.967043	1.922193	-1.800135	1.959078	-1.757554	1.999387	-1.816859	2.104715	-1.577905	1.745614	-1.236876	1.321343	-1.097795	1.856876	-1.025924	1.460820	-1.036725	1.813687	-0.742954	1.163440	-0.685201	0.995729	-0.415130	1.009070	-0.473926	1.135217	-0.616706	1.222095	-0.469940	1.280276	-0.359105	1.546250	-0.273970	1.626887	-0.393135	1.816838	-0.455333	1.818530	-0.792372	1.641019	-0.139829	1.975845	-0.261362	2.082942	-0.658252	1.990132	-0.904323	2.100623	
0.899551	-0.077834	1.510006	-0.197331	1.401694	-0.432974	1.935908	-0.752622	1.864559	-0.886179	2.238974	-0.794610	2.523663	-0.261974	2.851945	-0.608846	2.956840	-0.476660	3.077860	-0.986439	3.359777	-0.555243	3.487327	-0.828839	3.524772	-0.694810	3.591313	-0.730400	2.660074	-1.448536	3.835099	-1.682319	3.162482	-1.596350	3.457625	-1.908267	3.188746	-1.867104	3.081061	-2.100377	3.409995	-2.413130	3.707979	-2.623828	3.770771	-2.794296	3.075486	-2.302698	3.131859	-2.709239	3.097197	-2.742028	3.625681	-3.161554	3.354027	-3.221586	3.284724	-3.287190	3.381246	-3.458617	2.992336	-2.874163	2.437345	-2.183736	2.210988	-3.055229	2.094113	-2.410674	2.111602	-2.984935	1.633370	-1.926966	1.539371	-1.654065	1.099981	-1.675787	1.195641	-1.881031	1.427946	-2.022380	1.189158	-2.117040	1.008842	-2.549739	0.870312	-2.680960	1.064216	-2.990065	1.165431	-2.992818	1.713943	-2.703936	0.652008	-3.248823	0.849785	-3.423109	1.495672	-3.272087	1.896139	-3.451913	
-0.280124	0.026394	-0.634713	0.095809	-0.571733	0.232687	-0.882582	0.418935	-0.841037	0.496669	-1.059023	0.443383	-1.224626	0.133376	-1.415713	0.335284	-1.476772	0.258339	-1.547213	0.555109	-1.711332	0.304083	-1.785582	0.463353	-1.807387	0.385330	-1.846129	0.406049	-1.304056	0.824165	-1.988016	0.960440	-1.596350	0.910528	-1.768226	1.092032	-1.611698	1.068074	-1.549036	1.203842	-1.740486	1.385880	-1.913928	1.508515	-1.950478	1.607733	-1.545793	1.321599	-1.578607	1.558223	-1.558433	1.577307	-1.866029	1.821491	-1.707917	1.856431	-1.667580	1.894616	-1.723760	1.994393	-1.497400	1.654217	-1.174371	1.252339	-1.042601	1.759614	-0.974530	1.384438	-0.984748	1.718699	-0.706407	1.102738	-0.651686	0.943846	-0.395829	0.956480	-0.451532	1.075994	-0.586794	1.158296	-0.447756	1.213415	-0.342772	1.465341	-0.262123	1.541733	-0.375010	1.721682	-0.433933	1.723285	-0.753248	1.555116	-0.135038	1.872322	-0.250175	1.973784	-0.626184	1.885861	-0.859308	1.990531	
0.944513	-0.081712	1.622102	-0.214306	1.501828	-0.475871	2.095070	-0.830888	2.015815	-0.979226	2.431749	-0.877534	2.748054	-0.285789	3.112760	-0.671142	3.229298	-0.524288	3.363750	-1.090632	3.676951	-0.611591	3.818659	-0.915548	3.860256	-0.766645	3.934180	-0.806184	2.899573	-1.604005	4.205083	-1.863775	3.457625	-1.768226	3.785753	-2.114834	3.486935	-2.069078	3.367314	-2.328254	3.732762	-2.675736	4.063838	-2.909825	4.133604	-3.099219	3.361117	-2.553040	3.423752	-3.004718	3.385242	-3.041148	3.972403	-3.507254	3.670587	-3.573951	3.593589	-3.646839	3.700828	-3.837300	3.268737	-3.187953	2.652110	-2.420841	2.400632	-3.389123	2.270765	-2.672998	2.290214	-3.311026	1.758968	-2.135539	1.654553	-1.832345	1.166365	-1.856482	1.272646	-2.084512	1.530749	-2.241558	1.265442	-2.346730	1.065088	-2.827524	0.911175	-2.973310	1.126609	-3.316729	1.239059	-3.319787	1.848430	-2.998845	0.668649	-3.604204	0.888375	-3.797831	1.605938	-3.630044	2.050845	-3.829832	
-0.327625	0.030491	-0.753140	0.113742	-0.677523	0.278006	-1.050733	0.501622	-1.000835	0.594972	-1.262686	0.530991	-1.461692	0.158534	-1.691261	0.401099	-1.764622	0.308655	-1.849256	0.665188	-2.046427	0.363612	-2.135635	0.554961	-2.161826	0.461223	-2.208369	0.486114	-1.557082	0.988416	-2.378918	1.152148	-1.908267	1.092032	-2.114834	1.310379	-1.926735	1.281451	-1.851474	1.444599	-2.081504	1.663327	-2.289894	1.810673	-2.333808	1.929886	-1.847574	1.586090	-1.887001	1.870398	-1.862761	1.893329	-2.232343	2.186719	-2.042369	2.228701	-1.993903	2.274581	-2.061404	2.394465	-1.789427	1.985737	-1.401270	1.502830	-1.242967	2.112374	-1.161162	1.661584	-1.173458	2.063216	-0.839100	1.323090	-0.773375	1.132194	-0.465964	1.147379	-0.532887	1.290966	-0.695405	1.389853	-0.528349	1.456077	-0.402194	1.758819	-0.305292	1.850601	-0.440926	2.066804	-0.511720	2.068729	-0.895336	1.866687	-0.152614	2.247785	-0.290942	2.369683	-0.742681	2.264046	-1.022758	2.389807	
0.903567	-0.078181	1.520019	-0.198848	1.410639	-0.436806	1.950125	-0.759614	1.878070	-0.894492	2.256194	-0.802015	2.543706	-0.264103	2.875239	-0.614409	2.981171	-0.480916	3.103388	-0.995737	3.388093	-0.560277	3.516906	-0.836578	3.554720	-0.701224	3.621920	-0.737165	2.681465	-1.462428	3.868138	-1.698549	3.188746	-1.611698	3.486935	-1.926735	3.215527	-1.885172	3.106644	-2.120729	3.438826	-2.436581	3.739769	-2.649365	3.803186	-2.821523	3.101009	-2.325054	3.157939	-2.735624	3.122934	-2.768738	3.656656	-3.192422	3.382310	-3.253048	3.312319	-3.319303	3.409798	-3.492429	3.017034	-2.902183	2.456534	-2.204902	2.227939	-3.085044	2.109901	-2.434099	2.127567	-3.014054	1.644592	-1.945593	1.549663	-1.669987	1.105915	-1.691924	1.202524	-1.899203	1.437133	-2.041953	1.195977	-2.137552	1.013873	-2.574543	0.873969	-2.707065	1.069796	-3.019235	1.172015	-3.022015	1.725964	-2.730269	0.653501	-3.280559	0.853238	-3.456573	1.505530	-3.304053	1.909967	-3.485662	
-0.321356	0.029950	-0.737508	0.111375	-0.663559	0.272024	-1.028538	0.490707	-0.979743	0.581996	-1.235803	0.519428	-1.430399	0.155215	-1.654889	0.392413	-1.726626	0.302015	-1.809387	0.650660	-2.002196	0.355755	-2.089429	0.542871	-2.115042	0.451207	-2.160555	0.475548	-1.523685	0.966733	-2.327319	1.126843	-1.867104	1.068074	-2.069078	1.281451	-1.885172	1.253338	-1.811550	1.412826	-2.036493	1.626711	-2.240274	1.770800	-2.283218	1.887374	-1.807738	1.551186	-1.846294	1.829202	-1.822590	1.851626	-2.183996	2.138526	-1.998224	2.179579	-1.950831	2.224444	-2.016839	2.341676	-1.750879	1.941989	-1.371320	1.469779	-1.216514	2.065824	-1.136524	1.625011	-1.148544	2.017753	-0.821583	1.294008	-0.757310	1.107335	-0.456702	1.122185	-0.522144	1.262594	-0.681066	1.359293	-0.517707	1.424052	-0.394345	1.720092	-0.299587	1.809842	-0.432220	2.021261	-0.501447	2.023144	-0.876576	1.825572	-0.150287	2.198238	-0.285555	2.317439	-0.727299	2.214139	-1.001178	2.337117	
0.887179	-0.076767	1.479161	-0.192660	1.374141	-0.421171	1.892111	-0.731087	1.822938	-0.860578	2.185928	-0.771786	2.461913	-0.255430	2.780162	-0.591702	2.881845	-0.463562	2.999158	-0.957738	3.272445	-0.539742	3.396090	-0.804960	3.432388	-0.675035	3.496892	-0.709534	2.594160	-1.405766	3.733272	-1.632421	3.081061	-1.549036	3.367314	-1.851474	3.106644	-1.811550	3.002360	-2.037686	3.321153	-2.340892	3.610016	-2.545132	3.670890	-2.710377	2.996903	-2.233830	3.051548	-2.627926	3.017948	-2.659712	3.530248	-3.066387	3.266914	-3.124582	3.199733	-3.188177	3.293298	-3.354353	2.916301	-2.787802	2.378260	-2.118463	2.158845	-2.963333	2.045520	-2.338493	2.062494	-2.895190	1.598816	-1.869563	1.507684	-1.605001	1.081727	-1.626056	1.174464	-1.825029	1.399668	-1.962057	1.168181	-2.053822	0.993381	-2.473280	0.859083	-2.600494	1.047064	-2.900161	1.145189	-2.902829	1.676965	-2.622769	0.647440	-3.151022	0.839180	-3.319989	1.465357	-3.173577	1.853599	-3.347905	
-0.356875	0.033013	-0.826063	0.124785	-0.742663	0.305911	-1.154274	0.552535	-1.099233	0.655500	-1.388093	0.584939	-1.607665	0.174026	-1.860933	0.441628	-1.941870	0.339639	-2.035245	0.732981	-2.252775	0.400269	-2.351193	0.611376	-2.380088	0.507959	-2.431435	0.535421	-1.712891	1.089547	-2.619621	1.270180	-2.100377	1.203842	-2.328254	1.444599	-2.120729	1.412826	-2.037686	1.592884	-2.291501	1.834184	-2.521428	1.996761	-2.569878	2.128291	-2.033392	1.748972	-2.076897	2.062655	-2.050153	2.087955	-2.457925	2.411665	-2.248320	2.457984	-2.194846	2.508605	-2.269323	2.640877	-1.969241	2.189911	-1.540978	1.657103	-1.366324	2.329631	-1.276067	1.832267	-1.289637	2.275395	-0.920800	1.458784	-0.848298	1.248178	-0.509136	1.264937	-0.582969	1.423348	-0.762275	1.532450	-0.577962	1.605515	-0.438763	1.939566	-0.331851	2.040825	-0.481496	2.279355	-0.559600	2.281480	-0.982809	2.058577	-0.163414	2.479020	-0.316023	2.613503	-0.814396	2.496957	-1.123386	2.635707	
0.937259	-0.081087	1.604018	-0.211567	1.485673	-0.468950	2.069392	-0.818261	1.991413	-0.964215	2.400649	-0.864155	2.711852	-0.281950	3.070679	-0.661093	3.185337	-0.516607	3.317619	-1.073817	3.625768	-0.602503	3.765189	-0.901556	3.806116	-0.755056	3.878847	-0.793957	2.860936	-1.578925	4.145405	-1.834518	3.409995	-1.740486	3.732762	-2.081504	3.438826	-2.036493	3.321153	-2.291501	3.680756	-2.633373	4.006457	-2.863709	4.075104	-3.050050	3.315059	-2.512664	3.376689	-2.957067	3.338799	-2.992910	3.916504	-3.451512	3.619549	-3.517134	3.543791	-3.588848	3.649303	-3.776241	3.224170	-3.137354	2.617466	-2.382588	2.370041	-3.335283	2.242265	-2.630688	2.261400	-3.258443	1.738706	-2.101892	1.635970	-1.803583	1.155652	-1.827332	1.260219	-2.051686	1.514164	-2.206202	1.253131	-2.309679	1.056005	-2.782729	0.904571	-2.926167	1.116535	-3.264055	1.227174	-3.267064	1.826731	-2.951290	0.665951	-3.546900	0.882138	-3.737408	1.588145	-3.572324	2.025887	-3.768896	
-0.404496	0.037120	-0.944788	0.142763	-0.848718	0.351345	-1.322850	0.635429	-1.259435	0.754047	-1.592269	0.672772	-1.845328	0.199249	-2.137178	0.507614	-2.230450	0.390084	-2.338056	0.843355	-2.588729	0.459952	-2.702146	0.703226	-2.735441	0.584051	-2.794610	0.615697	-1.966567	1.254202	-3.011494	1.462349	-2.413130	1.385880	-2.675736	1.663327	-2.436581	1.626711	-2.340892	1.834184	-2.633373	2.112400	-2.898375	2.299712	-2.954212	2.451299	-2.335931	2.014117	-2.386066	2.375654	-2.355244	2.404813	-2.825188	2.777878	-2.583625	2.831260	-2.521999	2.889599	-2.607830	3.042038	-2.261993	2.522313	-1.768429	1.908263	-1.567146	2.683330	-1.463131	2.110123	-1.478771	2.620825	-1.053819	1.679707	-0.970282	1.437011	-0.579427	1.456332	-0.664510	1.638878	-0.871147	1.764611	-0.658737	1.848813	-0.498305	2.233833	-0.375097	2.350520	-0.547549	2.625396	-0.637553	2.627844	-1.125214	2.370981	-0.181007	2.855475	-0.356864	3.010442	-0.931147	2.876138	-1.287206	3.036041	
