0.558388	-0.012909	0.652152	-0.022696	0.638821	-0.059866	0.724376	-0.101275	0.715306	-0.122580	0.771205	-0.103621	0.807514	-0.018397	0.862350	-0.066929	0.876596	-0.045310	0.901995	-0.121574	0.939248	-0.051868	0.962441	-0.091952	0.966352	-0.070969	0.977001	-0.075505	0.844386	-0.197712	0.923172	-0.213657	0.930865	-0.254693	0.972522	-0.257342	1.027187	-0.217686	0.917571	-0.291820	0.919465	-0.322829	0.676030	-0.244306	0.694060	-0.284702	0.609153	-0.253565	0.626556	-0.283633	0.663996	-0.302097	0.628763	-0.319808	0.607024	-0.388578	0.587605	-0.410516	0.621460	-0.455140	0.636964	-0.454189	0.716819	-0.402628	0.561957	-0.500264	0.594546	-0.524220	0.691172	-0.492385	0.754774	-0.514444	0.781371	-0.440192	0.797503	-0.449589	0.770840	-0.352648	0.914486	-0.411327	0.928732	-0.389707	0.820318	-0.313311	0.933587	-0.384225	0.974487	-0.459550	0.964782	-0.470514	0.981861	-0.495412	1.015203	-0.446693	1.032427	-0.388590	1.020505	-0.363364	0.972096	-0.335183	
-0.012909	0.002604	-0.014976	0.002820	-0.014682	0.003639	-0.016568	0.004552	-0.016368	0.005022	-0.017600	0.004604	-0.018401	0.002725	-0.019610	0.003795	-0.019924	0.003319	-0.020483	0.005000	-0.021305	0.003463	-0.021816	0.004347	-0.021902	0.003884	-0.022137	0.003984	-0.019214	0.006678	-0.020950	0.007029	-0.021120	0.007934	-0.022038	0.007992	-0.023243	0.007118	-0.020827	0.008752	-0.020869	0.009436	-0.015502	0.007705	-0.015900	0.008595	-0.014028	0.007909	-0.014412	0.008572	-0.015237	0.008979	-0.014461	0.009369	-0.013981	0.010885	-0.013553	0.011369	-0.014300	0.012352	-0.014641	0.012331	-0.016402	0.011195	-0.012988	0.013347	-0.013706	0.013875	-0.015836	0.013173	-0.017238	0.013660	-0.017825	0.012023	-0.018180	0.012230	-0.017592	0.010093	-0.020759	0.011387	-0.021073	0.010910	-0.018683	0.009226	-0.021180	0.010789	-0.022081	0.012450	-0.021867	0.012691	-0.022244	0.013240	-0.022979	0.012166	-0.023358	0.010885	-0.023096	0.010329	-0.022029	0.009708	
0.652152	-0.014976	0.887054	-0.039391	0.853702	-0.132317	1.067824	-0.236065	1.045118	-0.289394	1.185049	-0.241920	1.275931	-0.028595	1.413194	-0.150080	1.448853	-0.095964	1.512431	-0.286864	1.605681	-0.112379	1.663735	-0.212716	1.673525	-0.160192	1.700181	-0.171546	1.368227	-0.477451	1.565440	-0.517361	1.584697	-0.620078	1.688970	-0.626712	1.825801	-0.527446	1.551422	-0.713008	1.556162	-0.790627	0.946820	-0.594073	0.991946	-0.695190	0.779417	-0.617252	0.822977	-0.692516	0.916693	-0.738733	0.828502	-0.783065	0.774087	-0.955204	0.725479	-1.010117	0.810221	-1.121817	0.849029	-1.119436	1.048915	-0.990373	0.661280	-1.234766	0.742853	-1.294731	0.984719	-1.215046	1.143921	-1.270261	1.210498	-1.084400	1.250877	-1.107920	1.184137	-0.865267	1.543699	-1.012148	1.579359	-0.958031	1.307985	-0.766803	1.591509	-0.944307	1.693888	-1.132855	1.669595	-1.160300	1.712345	-1.222620	1.795803	-1.100671	1.838917	-0.955235	1.809076	-0.892091	1.687904	-0.821551	
-0.022696	0.002820	-0.039391	0.004723	-0.037036	0.011247	-0.052126	0.018553	-0.050526	0.022311	-0.060382	0.018968	-0.066785	0.003940	-0.076454	0.012498	-0.078966	0.008686	-0.083444	0.022133	-0.090013	0.009842	-0.094103	0.016910	-0.094792	0.013210	-0.096670	0.014010	-0.073286	0.035559	-0.087178	0.038370	-0.088535	0.045606	-0.095880	0.046073	-0.105519	0.039081	-0.086191	0.052153	-0.086525	0.057621	-0.043600	0.043775	-0.046779	0.050898	-0.031808	0.045407	-0.034876	0.050709	-0.041478	0.053965	-0.035265	0.057088	-0.031432	0.069214	-0.028008	0.073082	-0.033978	0.080951	-0.036711	0.080783	-0.050792	0.071692	-0.023486	0.088908	-0.029232	0.093132	-0.046270	0.087518	-0.057485	0.091408	-0.062175	0.078315	-0.065019	0.079972	-0.060318	0.062879	-0.085647	0.073225	-0.088159	0.069413	-0.069042	0.055942	-0.089015	0.068446	-0.096227	0.081729	-0.094515	0.083662	-0.097527	0.088052	-0.103406	0.079461	-0.106443	0.069216	-0.104341	0.064768	-0.095805	0.059799	
0.638821	-0.014682	0.853702	-0.037036	0.823319	-0.122069	1.019022	-0.216902	0.998263	-0.265653	1.126176	-0.222251	1.209249	-0.027254	1.334720	-0.138303	1.367315	-0.088836	1.425431	-0.263335	1.510670	-0.103841	1.563737	-0.195558	1.572686	-0.147546	1.597052	-0.157925	1.293615	-0.437550	1.473886	-0.474030	1.491488	-0.567922	1.586803	-0.573987	1.711879	-0.483249	1.461072	-0.652866	1.465406	-0.723816	0.908418	-0.544149	0.949663	-0.636579	0.755395	-0.565337	0.795213	-0.634135	0.880877	-0.676381	0.800263	-0.716904	0.750523	-0.874253	0.706091	-0.924449	0.783553	-1.026552	0.819027	-1.024376	1.001739	-0.906401	0.647408	-1.129796	0.721973	-1.184610	0.943059	-1.111771	1.088583	-1.162242	1.149439	-0.992350	1.186349	-1.013849	1.125343	-0.792044	1.454013	-0.926305	1.486609	-0.876837	1.238551	-0.702039	1.497716	-0.864293	1.591298	-1.036642	1.569092	-1.061728	1.608170	-1.118695	1.684457	-1.007223	1.723867	-0.874282	1.696590	-0.816563	1.585828	-0.752084	
-0.059866	0.003639	-0.132317	0.011247	-0.122069	0.039933	-0.188059	0.071886	-0.181061	0.088324	-0.224185	0.073695	-0.252194	0.007950	-0.294496	0.045390	-0.305486	0.028712	-0.325080	0.087545	-0.353818	0.033771	-0.371710	0.064693	-0.374727	0.048506	-0.382942	0.052005	-0.280639	0.146281	-0.341416	0.158581	-0.347351	0.190237	-0.379487	0.192281	-0.421657	0.161689	-0.337096	0.218877	-0.338557	0.242798	-0.150765	0.182223	-0.164673	0.213386	-0.099174	0.189366	-0.112599	0.212562	-0.141481	0.226805	-0.114301	0.240468	-0.097532	0.293519	-0.082551	0.310442	-0.108668	0.344867	-0.120628	0.344133	-0.182230	0.304357	-0.062766	0.379676	-0.087906	0.398157	-0.162446	0.373599	-0.211510	0.390615	-0.232028	0.333335	-0.244472	0.340584	-0.223904	0.265801	-0.334716	0.311068	-0.345706	0.294390	-0.262072	0.235456	-0.349451	0.290160	-0.381003	0.348269	-0.373516	0.356727	-0.386691	0.375933	-0.412412	0.338350	-0.425699	0.293528	-0.416502	0.274068	-0.379158	0.252329	
0.724376	-0.016568	1.067824	-0.052126	1.019022	-0.188059	1.333431	-0.340497	1.300058	-0.418789	1.505474	-0.349111	1.638888	-0.035963	1.840378	-0.214292	1.892722	-0.134854	1.986051	-0.415080	2.122935	-0.158951	2.208154	-0.306238	2.222525	-0.229136	2.261654	-0.245803	1.774372	-0.694847	2.063863	-0.753432	2.092132	-0.904215	2.245197	-0.913952	2.446055	-0.768237	2.043286	-1.040631	2.050245	-1.154570	1.155776	-0.866044	1.222017	-1.014476	0.910038	-0.900068	0.973981	-1.010551	1.111550	-1.078393	0.982091	-1.143469	0.902214	-1.396157	0.830861	-1.476765	0.955256	-1.640733	1.012224	-1.637238	1.305643	-1.447783	0.736622	-1.806534	0.856365	-1.894559	1.211408	-1.777586	1.445105	-1.858638	1.542834	-1.585807	1.602108	-1.620334	1.504139	-1.264136	2.031949	-1.479746	2.084296	-1.400306	1.685939	-1.119598	2.102132	-1.380161	2.252416	-1.656936	2.216755	-1.697223	2.279510	-1.788705	2.402020	-1.609693	2.465308	-1.396202	2.421504	-1.303511	2.243631	-1.199965	
-0.101275	0.004552	-0.236065	0.018553	-0.216902	0.071886	-0.340497	0.132044	-0.327387	0.162790	-0.408171	0.135373	-0.460616	0.012247	-0.539848	0.082376	-0.560429	0.051140	-0.597127	0.161327	-0.650951	0.060613	-0.684460	0.118528	-0.690111	0.088211	-0.705497	0.094765	-0.513890	0.271337	-0.627724	0.294370	-0.638838	0.353656	-0.699024	0.357489	-0.778002	0.300192	-0.619633	0.407291	-0.622370	0.452091	-0.270673	0.338642	-0.296709	0.397006	-0.174043	0.352022	-0.199185	0.395464	-0.253277	0.422139	-0.202374	0.447727	-0.170966	0.547083	-0.142910	0.578778	-0.191822	0.643250	-0.214222	0.641876	-0.329593	0.567382	-0.105856	0.708442	-0.152939	0.743053	-0.292540	0.697060	-0.384429	0.728929	-0.422856	0.621653	-0.446162	0.635229	-0.407641	0.495173	-0.615176	0.579950	-0.635758	0.548714	-0.479125	0.438340	-0.642771	0.540793	-0.701863	0.649621	-0.687841	0.665462	-0.712516	0.701432	-0.760687	0.631045	-0.785572	0.547101	-0.768348	0.510655	-0.698409	0.469941	
0.715306	-0.016368	1.045118	-0.050526	0.998263	-0.181061	1.300058	-0.327387	1.268097	-0.402537	1.465228	-0.335651	1.593285	-0.035080	1.786684	-0.206247	1.836926	-0.130000	1.926506	-0.398972	2.057893	-0.153128	2.139689	-0.294500	2.153483	-0.220495	2.191040	-0.236493	1.723328	-0.667502	2.001193	-0.723735	2.028327	-0.868462	2.175244	-0.877807	2.368036	-0.737944	1.981442	-0.999400	1.988121	-1.108763	1.129567	-0.831826	1.193158	-0.974296	0.893711	-0.864483	0.955086	-0.970527	1.087129	-1.035646	0.962870	-1.098109	0.886201	-1.340649	0.817713	-1.418020	0.937112	-1.575401	0.991792	-1.572047	1.273425	-1.390201	0.727259	-1.734543	0.842193	-1.819033	1.182975	-1.706758	1.407285	-1.784554	1.501089	-1.522682	1.557982	-1.555822	1.463947	-1.213930	1.970560	-1.420881	2.020804	-1.344631	1.638446	-1.075197	2.037924	-1.325295	2.182173	-1.590955	2.147944	-1.629623	2.208179	-1.717431	2.325769	-1.545608	2.386515	-1.340692	2.344470	-1.251724	2.173741	-1.152336	
-0.122580	0.005022	-0.289394	0.022311	-0.265653	0.088324	-0.418789	0.162790	-0.402537	0.200969	-0.502657	0.166963	-0.567671	0.014349	-0.665874	0.101267	-0.691384	0.062551	-0.736871	0.199125	-0.803584	0.074293	-0.845117	0.146077	-0.852121	0.108500	-0.871192	0.116623	-0.633700	0.335480	-0.774794	0.364029	-0.788569	0.437508	-0.863168	0.442262	-0.961058	0.371244	-0.764766	0.503984	-0.768158	0.559512	-0.332248	0.418897	-0.364516	0.491236	-0.212480	0.435481	-0.243643	0.489324	-0.310686	0.522387	-0.247595	0.554102	-0.208667	0.677249	-0.173893	0.716534	-0.234517	0.796443	-0.262280	0.794740	-0.405276	0.702410	-0.127966	0.877246	-0.186323	0.920144	-0.359352	0.863138	-0.473243	0.902638	-0.520871	0.769676	-0.549757	0.786502	-0.502012	0.612909	-0.759241	0.717987	-0.784752	0.679272	-0.590612	0.542468	-0.793445	0.669454	-0.866686	0.804340	-0.849307	0.823974	-0.879890	0.868558	-0.939596	0.781316	-0.970439	0.677271	-0.949091	0.632099	-0.862405	0.581635	
0.771205	-0.017600	1.185049	-0.060382	1.126176	-0.224185	1.505474	-0.408171	1.465228	-0.502657	1.713386	-0.418547	1.874479	-0.040318	2.117842	-0.255709	2.181063	-0.159768	2.293780	-0.498217	2.459104	-0.188872	2.562029	-0.366759	2.579385	-0.273639	2.626644	-0.293768	2.038113	-0.836110	2.387760	-0.906866	2.421901	-1.088969	2.606767	-1.100735	2.849358	-0.924747	2.362911	-1.253718	2.371316	-1.391329	1.291026	-1.042847	1.370995	-1.222128	0.994183	-1.083934	1.071412	-1.217390	1.237570	-1.299327	1.081208	-1.377926	0.984735	-1.683113	0.898556	-1.780470	1.048799	-1.978508	1.117604	-1.974288	1.471996	-1.745462	0.784735	-2.178761	0.929360	-2.285077	1.358178	-2.143799	1.640439	-2.241694	1.758478	-1.912168	1.830069	-1.953868	1.711746	-1.523661	2.349220	-1.784069	2.412443	-1.688123	1.931319	-1.349091	2.433985	-1.663792	2.615494	-1.998075	2.572424	-2.046732	2.648218	-2.157222	2.796184	-1.941015	2.872621	-1.683166	2.819715	-1.571216	2.604885	-1.446156	
-0.103621	0.004604	-0.241920	0.018968	-0.222251	0.073695	-0.349111	0.135373	-0.335651	0.166963	-0.418547	0.138911	-0.472369	0.012496	-0.553692	0.084479	-0.574816	0.052424	-0.612476	0.165506	-0.667711	0.062152	-0.702098	0.121584	-0.707897	0.090472	-0.723685	0.097196	-0.527056	0.278388	-0.643873	0.302033	-0.655281	0.362876	-0.717045	0.366803	-0.798097	0.308005	-0.635571	0.417923	-0.638379	0.463901	-0.277438	0.347469	-0.304163	0.407368	-0.178258	0.361193	-0.204062	0.405785	-0.259578	0.433161	-0.207335	0.459423	-0.175101	0.561390	-0.146308	0.593919	-0.196506	0.660086	-0.219495	0.658676	-0.337903	0.582221	-0.108278	0.726993	-0.156600	0.762515	-0.299875	0.715312	-0.394183	0.748021	-0.433621	0.637920	-0.457541	0.651853	-0.418008	0.508115	-0.630997	0.595121	-0.652120	0.563064	-0.491370	0.449789	-0.659318	0.554934	-0.719963	0.666623	-0.705572	0.682880	-0.730896	0.719797	-0.780334	0.647559	-0.805873	0.561407	-0.788196	0.524003	-0.716418	0.482219	
0.807514	-0.018401	1.275931	-0.066785	1.209249	-0.252194	1.638888	-0.460616	1.593285	-0.567671	1.874479	-0.472369	2.057412	-0.043562	2.333210	-0.287715	2.404890	-0.178950	2.532672	-0.562636	2.720077	-0.211943	2.836750	-0.413595	2.856422	-0.308036	2.909993	-0.330854	2.242780	-0.945663	2.639189	-1.025891	2.677894	-1.232296	2.887471	-1.245662	3.162494	-1.046150	2.611030	-1.419041	2.620558	-1.575046	1.395850	-1.179972	1.486481	-1.383230	1.059326	-1.226571	1.146877	-1.377856	1.335241	-1.470744	1.157982	-1.559848	1.048616	-1.905826	0.950916	-2.016198	1.121244	-2.240712	1.199247	-2.235927	1.601019	-1.976511	0.821878	-2.467736	0.985837	-2.588265	1.471985	-2.428101	1.791981	-2.539083	1.925800	-2.165503	2.006961	-2.212778	1.872823	-1.725065	2.595509	-2.020281	2.667183	-1.911511	2.121745	-1.527160	2.691604	-1.883927	2.897376	-2.262894	2.848549	-2.318055	2.934474	-2.443314	3.102218	-2.198207	3.188873	-1.905891	3.128894	-1.778977	2.885347	-1.637200	
-0.018397	0.002725	-0.028595	0.003940	-0.027254	0.007950	-0.035963	0.012247	-0.035080	0.014349	-0.040318	0.012496	-0.043562	0.004949	-0.048529	0.009209	-0.049826	0.007223	-0.052162	0.014210	-0.055600	0.007825	-0.057743	0.011525	-0.058106	0.009588	-0.059090	0.010008	-0.046935	0.021263	-0.054139	0.022715	-0.054850	0.026555	-0.058684	0.026752	-0.063714	0.023100	-0.053607	0.030020	-0.053782	0.032875	-0.031339	0.025660	-0.033063	0.029364	-0.025224	0.026496	-0.026827	0.029263	-0.030275	0.030966	-0.027030	0.032596	-0.025027	0.038931	-0.023239	0.040951	-0.026355	0.045058	-0.027782	0.044970	-0.035130	0.040225	-0.020879	0.049211	-0.023878	0.051416	-0.032770	0.048485	-0.038622	0.050515	-0.041070	0.043682	-0.042554	0.044547	-0.040099	0.035622	-0.053323	0.041025	-0.054634	0.039035	-0.044656	0.032003	-0.055081	0.038530	-0.058847	0.045465	-0.057953	0.046474	-0.059526	0.048767	-0.062596	0.044281	-0.064181	0.038932	-0.063084	0.036609	-0.058628	0.034014	
0.862350	-0.019610	1.413194	-0.076454	1.334720	-0.294496	1.840378	-0.539848	1.786684	-0.665874	2.117842	-0.553692	2.333210	-0.048529	2.658298	-0.336182	2.742656	-0.208061	2.893170	-0.660032	3.113902	-0.246942	3.251310	-0.484446	3.274479	-0.360120	3.337572	-0.386993	2.551702	-1.111104	3.018622	-1.205598	3.064202	-1.448677	3.311030	-1.464432	3.634941	-1.229459	2.985456	-1.668614	2.996679	-1.852358	1.554201	-1.387027	1.660919	-1.626441	1.157809	-1.441917	1.260928	-1.620110	1.482786	-1.729513	1.274007	-1.834462	1.145195	-2.241955	1.030122	-2.371954	1.230739	-2.636393	1.322614	-2.630758	1.795839	-2.325206	0.878136	-2.903790	1.071253	-3.045753	1.643857	-2.857107	2.020762	-2.987827	2.178380	-2.547809	2.273975	-2.603490	2.115987	-2.029053	2.967176	-2.376764	3.051595	-2.248652	2.409170	-1.795957	3.080359	-2.216163	3.322721	-2.662517	3.265211	-2.727487	3.366415	-2.875019	3.563987	-2.586327	3.666051	-2.242032	3.595407	-2.092551	3.308553	-1.925564	
-0.066929	0.003795	-0.150080	0.012498	-0.138303	0.045390	-0.214292	0.082376	-0.206247	0.101267	-0.255709	0.084479	-0.287715	0.009209	-0.336182	0.052186	-0.348758	0.033042	-0.371205	0.100396	-0.404110	0.038838	-0.424606	0.074252	-0.428059	0.055716	-0.437468	0.059727	-0.320343	0.167679	-0.389921	0.181761	-0.396725	0.218058	-0.433530	0.220366	-0.481833	0.185329	-0.384968	0.250894	-0.386643	0.278295	-0.171493	0.208907	-0.187452	0.244606	-0.112397	0.217079	-0.127776	0.243659	-0.160865	0.259975	-0.129727	0.275627	-0.110516	0.336395	-0.093355	0.355782	-0.123275	0.395221	-0.136977	0.394380	-0.207557	0.348809	-0.070687	0.435101	-0.099489	0.456273	-0.184889	0.428139	-0.241103	0.447635	-0.264612	0.382008	-0.278869	0.390312	-0.255310	0.304647	-0.382243	0.356500	-0.394832	0.337395	-0.299033	0.269888	-0.399122	0.332550	-0.435265	0.399115	-0.426689	0.408804	-0.441781	0.430805	-0.471245	0.387753	-0.486466	0.336408	-0.475931	0.314116	-0.433153	0.289213	
0.876596	-0.019924	1.448853	-0.078966	1.367315	-0.305486	1.892722	-0.560429	1.836926	-0.691384	2.181063	-0.574816	2.404890	-0.049826	2.742656	-0.348758	2.830470	-0.215605	2.986820	-0.685315	3.216224	-0.256019	3.359021	-0.502844	3.383103	-0.373638	3.448672	-0.401564	2.631938	-1.154094	3.117190	-1.252308	3.164559	-1.504910	3.421081	-1.521297	3.757707	-1.277096	3.082728	-1.733461	3.094392	-1.924415	1.595336	-1.440823	1.706233	-1.689629	1.183385	-1.497868	1.290550	-1.683052	1.521115	-1.796747	1.304143	-1.905814	1.170276	-2.329299	1.050689	-2.464398	1.259176	-2.739210	1.354655	-2.733353	1.846440	-2.415817	0.892741	-3.017096	1.093434	-3.164628	1.688497	-2.968581	2.080186	-3.104429	2.243986	-2.647151	2.343331	-2.705017	2.179143	-2.108042	3.063731	-2.469395	3.151462	-2.336256	2.483830	-1.865799	3.181355	-2.302493	3.433226	-2.766360	3.373459	-2.833879	3.478634	-2.987200	3.683958	-2.687181	3.790027	-2.329377	3.716611	-2.174031	3.418501	-2.000493	
-0.045310	0.003319	-0.095964	0.008686	-0.088836	0.028712	-0.134854	0.051140	-0.130000	0.062551	-0.159768	0.052424	-0.178950	0.007223	-0.208061	0.033042	-0.215605	0.021648	-0.229083	0.061999	-0.248833	0.025057	-0.261149	0.046321	-0.263221	0.035190	-0.268873	0.037601	-0.198558	0.102446	-0.240332	0.110895	-0.244424	0.132736	-0.266534	0.134097	-0.295560	0.113048	-0.237351	0.152492	-0.238358	0.168956	-0.109066	0.127271	-0.118682	0.148716	-0.073575	0.132174	-0.082816	0.148145	-0.102697	0.157949	-0.083988	0.167353	-0.072445	0.203865	-0.062133	0.215514	-0.080111	0.239211	-0.088344	0.238706	-0.130754	0.211323	-0.048513	0.263173	-0.065819	0.275895	-0.117133	0.258990	-0.150911	0.270705	-0.165037	0.231272	-0.173604	0.236261	-0.159449	0.184789	-0.235713	0.215946	-0.243277	0.204466	-0.185719	0.163907	-0.245855	0.201555	-0.267571	0.241550	-0.262418	0.247372	-0.271487	0.260591	-0.289190	0.234723	-0.298335	0.203874	-0.292005	0.190479	-0.266303	0.175516	
0.901995	-0.020483	1.512431	-0.083444	1.425431	-0.325080	1.986051	-0.597127	1.926506	-0.736871	2.293780	-0.612476	2.532672	-0.052162	2.893170	-0.371205	2.986820	-0.229083	3.153845	-0.730442	3.398646	-0.272211	3.551062	-0.535666	3.576761	-0.397760	3.646743	-0.427570	2.775015	-1.230737	3.292945	-1.335571	3.343514	-1.605150	3.617306	-1.622662	3.976604	-1.362020	3.256183	-1.849069	3.268629	-2.052879	1.668679	-1.536735	1.787028	-1.802288	1.228991	-1.597622	1.343370	-1.795271	1.589455	-1.916620	1.357878	-2.033029	1.214999	-2.485023	1.087363	-2.629215	1.309882	-2.922525	1.411788	-2.916274	1.936672	-2.577366	0.918784	-3.219114	1.132984	-3.376577	1.768099	-3.167334	2.186150	-3.312324	2.360974	-2.824270	2.467005	-2.886031	2.291763	-2.248868	3.235905	-2.634548	3.329541	-2.492446	2.616961	-1.990316	3.361447	-2.456410	3.630273	-2.951504	3.566484	-3.023568	3.678739	-3.187211	3.897885	-2.866995	4.011094	-2.485104	3.932736	-2.319300	3.614558	-2.134079	
-0.121574	0.005000	-0.286864	0.022133	-0.263335	0.087545	-0.415080	0.161327	-0.398972	0.199125	-0.498217	0.165506	-0.562636	0.014210	-0.660032	0.100396	-0.685315	0.061999	-0.730442	0.197496	-0.796582	0.073649	-0.837753	0.144825	-0.844698	0.107570	-0.863603	0.115624	-0.628157	0.332565	-0.768019	0.360878	-0.781677	0.433709	-0.855609	0.438408	-0.952631	0.368028	-0.758082	0.499610	-0.761445	0.554657	-0.329286	0.415250	-0.361277	0.486978	-0.210526	0.431684	-0.241421	0.485079	-0.307891	0.517855	-0.245339	0.549297	-0.206748	0.671375	-0.172273	0.710322	-0.232377	0.789547	-0.259902	0.787858	-0.401682	0.696314	-0.126739	0.869658	-0.184596	0.912189	-0.356147	0.855672	-0.469070	0.894837	-0.516293	0.763005	-0.544934	0.779687	-0.497604	0.607592	-0.752606	0.711762	-0.777897	0.673381	-0.585437	0.537761	-0.786515	0.663648	-0.859123	0.797370	-0.841894	0.816835	-0.872214	0.861034	-0.931404	0.774545	-0.961981	0.671398	-0.940817	0.626615	-0.854879	0.576588	
0.939248	-0.021305	1.605681	-0.090013	1.510670	-0.353818	2.122935	-0.650951	2.057893	-0.803584	2.459104	-0.667711	2.720077	-0.055600	3.113902	-0.404110	3.216224	-0.248833	3.398646	-0.796582	3.666330	-0.295895	3.832707	-0.583801	3.860808	-0.433120	3.937263	-0.465689	2.984837	-1.343151	3.550676	-1.457690	3.605901	-1.752186	3.905010	-1.771321	4.297496	-1.486580	3.510496	-2.018636	3.524096	-2.241284	1.776251	-1.677409	1.905529	-1.967519	1.295893	-1.743924	1.420847	-1.959853	1.689685	-2.092420	1.436696	-2.219593	1.280608	-2.713374	1.141171	-2.870897	1.384263	-3.191323	1.495590	-3.184495	2.069002	-2.814253	0.957007	-3.515333	1.191011	-3.687354	1.884844	-3.458766	2.341545	-3.617161	2.532533	-3.083984	2.648368	-3.151455	2.456925	-2.455390	3.488348	-2.876722	3.590641	-2.721484	2.812187	-2.172935	3.625495	-2.682117	3.919173	-3.222980	3.849487	-3.301706	3.972120	-3.480476	4.211524	-3.130658	4.335199	-2.713463	4.249597	-2.532331	3.902004	-2.329989	
-0.051868	0.003463	-0.112379	0.009842	-0.103841	0.033771	-0.158951	0.060613	-0.153128	0.074293	-0.188872	0.062152	-0.211943	0.007825	-0.246942	0.038838	-0.256019	0.025057	-0.272211	0.073649	-0.295895	0.029344	-0.310724	0.054805	-0.313210	0.041438	-0.320001	0.044330	-0.235508	0.122233	-0.285718	0.132388	-0.290633	0.158615	-0.317199	0.160262	-0.352076	0.134971	-0.282139	0.182341	-0.283349	0.202125	-0.128002	0.152036	-0.139542	0.177806	-0.085348	0.157931	-0.096452	0.177120	-0.120340	0.188901	-0.097860	0.200200	-0.083990	0.244072	-0.071600	0.258069	-0.093202	0.286542	-0.103095	0.285936	-0.154053	0.253033	-0.055235	0.315335	-0.076029	0.330621	-0.137687	0.310309	-0.178273	0.324385	-0.195246	0.277003	-0.205540	0.282998	-0.188532	0.221150	-0.280171	0.258587	-0.289260	0.244794	-0.220098	0.196057	-0.292357	0.241296	-0.318452	0.289353	-0.312260	0.296349	-0.323156	0.312233	-0.344428	0.281150	-0.355417	0.244081	-0.347811	0.227987	-0.316927	0.210007	
0.962441	-0.021816	1.663735	-0.094103	1.563737	-0.371710	2.208154	-0.684460	2.139689	-0.845117	2.562029	-0.702098	2.836750	-0.057743	3.251310	-0.424606	3.359021	-0.261149	3.551062	-0.837753	3.832707	-0.310724	4.008149	-0.613774	4.037590	-0.455134	4.118085	-0.489422	3.115458	-1.413135	3.711123	-1.533726	3.769262	-1.843735	4.084152	-1.863894	4.497311	-1.564131	3.668832	-2.124208	3.683149	-2.358587	1.843221	-1.764987	1.979303	-2.070385	1.337541	-1.835008	1.469080	-2.062318	1.752087	-2.201871	1.485765	-2.335746	1.321450	-2.855552	1.174666	-3.021376	1.430567	-3.358685	1.547760	-3.351497	2.151383	-2.961748	0.980798	-3.699768	1.227132	-3.880852	1.957522	-3.640219	2.438285	-3.806960	2.639335	-3.245691	2.761273	-3.316717	2.559742	-2.583974	3.645518	-3.027507	3.753201	-2.864089	2.933726	-2.286634	3.789892	-2.822647	4.099046	-3.392011	4.025687	-3.474885	4.154782	-3.663075	4.406802	-3.294824	4.536994	-2.855644	4.446880	-2.664968	4.080971	-2.451965	
-0.091952	0.004347	-0.212716	0.016910	-0.195558	0.064693	-0.306238	0.118528	-0.294500	0.146077	-0.366759	0.121584	-0.413595	0.011525	-0.484446	0.074252	-0.502844	0.046321	-0.535666	0.144825	-0.583801	0.054805	-0.613774	0.106674	-0.618830	0.079494	-0.632587	0.085358	-0.461281	0.243190	-0.563045	0.263792	-0.572985	0.316824	-0.626799	0.320229	-0.697409	0.268999	-0.555806	0.364795	-0.558255	0.404854	-0.243748	0.303401	-0.267049	0.355596	-0.157331	0.315354	-0.179815	0.354214	-0.228189	0.378067	-0.182666	0.400950	-0.154581	0.489793	-0.129492	0.518136	-0.173232	0.575791	-0.193264	0.574562	-0.296443	0.507942	-0.096355	0.634091	-0.138460	0.665044	-0.263305	0.623914	-0.345483	0.652415	-0.379850	0.556476	-0.400693	0.568615	-0.366249	0.443377	-0.551823	0.519184	-0.570228	0.491253	-0.430170	0.392559	-0.576499	0.484170	-0.629339	0.581485	-0.616800	0.595649	-0.638865	0.627814	-0.681940	0.564874	-0.704192	0.489810	-0.688790	0.457220	-0.626250	0.420813	
0.966352	-0.021902	1.673525	-0.094792	1.572686	-0.374727	2.222525	-0.690111	2.153483	-0.852121	2.579385	-0.707897	2.856422	-0.058106	3.274479	-0.428059	3.383103	-0.263221	3.576761	-0.844698	3.860808	-0.313210	4.037590	-0.618830	4.067708	-0.458818	4.148613	-0.493430	3.137488	-1.424940	3.738182	-1.546542	3.796804	-1.859163	4.114338	-1.879487	4.530979	-1.577206	3.695525	-2.142006	3.709964	-2.378361	1.854514	-1.779756	1.991744	-2.087733	1.344567	-1.850367	1.477215	-2.079596	1.762609	-2.220326	1.494041	-2.355329	1.328341	-2.879516	1.180318	-3.046739	1.438378	-3.386894	1.556560	-3.379645	2.165278	-2.986607	0.984815	-3.730854	1.233227	-3.913466	1.969780	-3.670804	2.454601	-3.838951	2.657348	-3.272946	2.780315	-3.344571	2.577085	-2.605649	3.672015	-3.052922	3.780606	-2.888126	2.954223	-2.305802	3.817607	-2.846334	4.129367	-3.420499	4.055390	-3.504072	4.185573	-3.693849	4.439718	-3.322493	4.571008	-2.879610	4.480134	-2.687326	4.111140	-2.472526	
-0.070969	0.003884	-0.160192	0.013210	-0.147546	0.048506	-0.229136	0.088211	-0.220495	0.108500	-0.273639	0.090472	-0.308036	0.009588	-0.360120	0.055716	-0.373638	0.035190	-0.397760	0.107570	-0.433120	0.041438	-0.455134	0.079494	-0.458818	0.059648	-0.468958	0.063888	-0.343096	0.179872	-0.417874	0.195004	-0.425183	0.234003	-0.464732	0.236488	-0.516638	0.198838	-0.412551	0.269284	-0.414351	0.298729	-0.183158	0.224164	-0.200302	0.262527	-0.119649	0.232946	-0.136176	0.261509	-0.171732	0.279043	-0.138272	0.295862	-0.117628	0.361164	-0.099187	0.381997	-0.131338	0.424377	-0.146062	0.423474	-0.221906	0.374503	-0.074829	0.467231	-0.105779	0.489983	-0.197547	0.459750	-0.257954	0.480700	-0.283216	0.410179	-0.298537	0.419102	-0.273220	0.327046	-0.409622	0.382768	-0.423151	0.362238	-0.320204	0.289694	-0.427760	0.357031	-0.466600	0.428561	-0.457384	0.438973	-0.473602	0.462616	-0.505264	0.416352	-0.521620	0.361177	-0.510299	0.337222	-0.464330	0.310461	
0.977001	-0.022137	1.700181	-0.096670	1.597052	-0.382942	2.261654	-0.705497	2.191040	-0.871192	2.626644	-0.723685	2.909993	-0.059090	3.337572	-0.437468	3.448672	-0.268873	3.646743	-0.863603	3.937263	-0.320001	4.118085	-0.632587	4.148613	-0.468958	4.231920	-0.504304	3.197463	-1.457074	3.811851	-1.581453	3.871809	-1.901196	4.196585	-1.921988	4.622708	-1.612813	3.768223	-2.190478	3.782990	-2.432218	1.885264	-1.819968	2.025618	-2.134964	1.363691	-1.892188	1.499362	-2.126642	1.791261	-2.270579	1.516571	-2.408660	1.347095	-2.944794	1.195699	-3.115827	1.459640	-3.463734	1.580515	-3.456320	2.203104	-3.054325	0.995741	-3.815532	1.249814	-4.002305	2.003151	-3.754113	2.499020	-3.926093	2.706387	-3.347189	2.832156	-3.420446	2.624295	-2.664686	3.744178	-3.122151	3.855243	-2.953599	3.010027	-2.358005	3.893087	-2.910856	4.211952	-3.498105	4.136289	-3.583582	4.269439	-3.777684	4.529375	-3.397865	4.663657	-2.944889	4.570713	-2.748224	4.193309	-2.528529	
-0.075505	0.003984	-0.171546	0.014010	-0.157925	0.052005	-0.245803	0.094765	-0.236493	0.116623	-0.293768	0.097196	-0.330854	0.010008	-0.386993	0.059727	-0.401564	0.037601	-0.427570	0.115624	-0.465689	0.044330	-0.489422	0.085358	-0.493430	0.063888	-0.504304	0.068608	-0.368644	0.193560	-0.449254	0.209874	-0.457131	0.251906	-0.499763	0.254589	-0.555712	0.214005	-0.443516	0.289930	-0.445456	0.321669	-0.196256	0.241293	-0.214731	0.282646	-0.127796	0.250760	-0.145610	0.281549	-0.183937	0.300448	-0.147869	0.318578	-0.125617	0.388968	-0.105739	0.411424	-0.140395	0.457106	-0.156267	0.456132	-0.238019	0.403347	-0.079483	0.503298	-0.112844	0.527822	-0.211763	0.495234	-0.276875	0.517817	-0.304105	0.441801	-0.320619	0.451420	-0.293330	0.352192	-0.440360	0.412255	-0.454942	0.390125	-0.343975	0.311930	-0.459911	0.384513	-0.501776	0.461616	-0.491842	0.472839	-0.509324	0.498324	-0.543453	0.448455	-0.561083	0.388982	-0.548880	0.363160	-0.499329	0.334315	
0.844386	-0.019214	1.368227	-0.073286	1.293615	-0.280639	1.774372	-0.513890	1.723328	-0.633700	2.038113	-0.527056	2.242780	-0.046935	2.551702	-0.320343	2.631938	-0.198558	2.775015	-0.628157	2.984837	-0.235508	3.115458	-0.461281	3.137488	-0.343096	3.197463	-0.368644	2.450574	-1.056909	2.894269	-1.146736	2.937604	-1.377818	3.172203	-1.392740	3.480063	-1.169410	2.862749	-1.586884	2.873421	-1.761517	1.502319	-1.319215	1.603772	-1.546796	1.125548	-1.371383	1.223559	-1.540766	1.434432	-1.644747	1.235991	-1.744499	1.113561	-2.131791	1.004186	-2.255354	1.194875	-2.506711	1.282204	-2.501355	1.732037	-2.210912	0.859717	-2.760880	1.043281	-2.895822	1.587567	-2.716511	1.945838	-2.840769	2.095666	-2.422505	2.186535	-2.475428	2.036382	-1.929456	2.845382	-2.259934	2.925617	-2.138170	2.315038	-1.707915	2.952956	-2.107291	3.183308	-2.531529	3.128648	-2.593279	3.224838	-2.733501	3.412620	-2.459114	3.509628	-2.131878	3.442483	-1.989804	3.169841	-1.831092	
-0.197712	0.006678	-0.477451	0.035559	-0.437550	0.146281	-0.694847	0.271337	-0.667502	0.335480	-0.836110	0.278388	-0.945663	0.021263	-1.111104	0.167679	-1.154094	0.102446	-1.230737	0.332565	-1.343151	0.122233	-1.413135	0.243190	-1.424940	0.179872	-1.457074	0.193560	-1.056909	0.562344	-1.294642	0.610439	-1.317843	0.734199	-1.443534	0.742245	-1.608457	0.622590	-1.277762	0.846139	-1.283478	0.939679	-0.549149	0.702758	-0.603475	0.824658	-0.347285	0.730684	-0.399787	0.821436	-0.512750	0.877133	-0.406447	0.930568	-0.340865	1.138026	-0.282281	1.204209	-0.384418	1.338836	-0.431192	1.335967	-0.672119	1.180404	-0.204904	1.474971	-0.303222	1.547246	-0.594741	1.451205	-0.786632	1.517757	-0.866879	1.293733	-0.915549	1.322081	-0.835119	1.029633	-1.268460	1.206652	-1.311437	1.141430	-0.984379	0.910962	-1.326081	1.124890	-1.449469	1.352131	-1.420190	1.385207	-1.471714	1.460317	-1.572299	1.313342	-1.624260	1.138059	-1.588294	1.061958	-1.442254	0.976946	
0.923172	-0.020950	1.565440	-0.087178	1.473886	-0.341416	2.063863	-0.627724	2.001193	-0.774794	2.387760	-0.643873	2.639189	-0.054139	3.018622	-0.389921	3.117190	-0.240332	3.292945	-0.768019	3.550676	-0.285718	3.711123	-0.563045	3.738182	-0.417874	3.811851	-0.449254	2.894269	-1.294642	3.439578	-1.405039	3.492685	-1.688747	3.780848	-1.707163	4.158981	-1.432851	3.400769	-1.945468	3.413875	-2.159993	1.729828	-1.616702	1.854389	-1.896214	1.267014	-1.680792	1.387408	-1.888832	1.646435	-2.016564	1.402679	-2.139095	1.252285	-2.614865	1.117938	-2.766640	1.352156	-3.075367	1.459418	-3.068788	2.011887	-2.712067	0.940498	-3.387547	1.165958	-3.553287	1.834455	-3.333044	2.274477	-3.485654	2.458488	-2.971949	2.570093	-3.036958	2.385632	-2.366288	3.379429	-2.772250	3.477990	-2.622675	2.727933	-2.094137	3.511573	-2.584744	3.794537	-3.105874	3.727393	-3.181728	3.845551	-3.353976	4.076221	-3.016921	4.195384	-2.614947	4.112905	-2.440424	3.777995	-2.245462	
-0.213657	0.007029	-0.517361	0.038370	-0.474030	0.158581	-0.753432	0.294370	-0.723735	0.364029	-0.906866	0.302033	-1.025891	0.022715	-1.205598	0.181761	-1.252308	0.110895	-1.335571	0.360878	-1.457690	0.132388	-1.533726	0.263792	-1.546542	0.195004	-1.581453	0.209874	-1.146736	0.610439	-1.405039	0.662996	-1.430207	0.797225	-1.566783	0.806009	-1.746011	0.676005	-1.386690	0.918758	-1.392901	1.020375	-0.595183	0.762967	-0.654187	0.895386	-0.375891	0.793315	-0.432929	0.891893	-0.555650	0.952404	-0.440165	1.010455	-0.368915	1.235850	-0.305270	1.307750	-0.416226	1.454000	-0.467039	1.450884	-0.728754	1.281897	-0.221214	1.601887	-0.328019	1.680402	-0.644700	1.576067	-0.853148	1.648361	-0.940319	1.405008	-0.993188	1.435803	-0.905805	1.118098	-1.376588	1.310405	-1.423277	1.239549	-1.067965	0.989171	-1.439186	1.221580	-1.573231	1.468449	-1.541423	1.504382	-1.597397	1.585978	-1.706669	1.426310	-1.763119	1.235887	-1.724046	1.153213	-1.565392	1.060859	
0.930865	-0.021120	1.584697	-0.088535	1.491488	-0.347351	2.092132	-0.638838	2.028327	-0.788569	2.421901	-0.655281	2.677894	-0.054850	3.064202	-0.396725	3.164559	-0.244424	3.343514	-0.781677	3.605901	-0.290633	3.769262	-0.572985	3.796804	-0.425183	3.871809	-0.457131	2.937604	-1.317843	3.492685	-1.430207	3.546985	-1.719123	3.840291	-1.737850	4.225387	-1.458579	3.453325	-1.980530	3.466671	-2.198952	1.752039	-1.645755	1.878856	-1.930341	1.280812	-1.711016	1.403397	-1.922831	1.667136	-2.052889	1.418946	-2.177649	1.265814	-2.662088	1.129023	-2.816622	1.367498	-3.130959	1.476709	-3.124260	2.039206	-2.761064	0.948360	-3.448811	1.177916	-3.617562	1.858554	-3.393315	2.306563	-3.548695	2.493915	-3.025665	2.607545	-3.091855	2.419726	-2.408996	3.431602	-2.822334	3.531954	-2.670041	2.768259	-2.131892	3.566148	-2.631420	3.854255	-3.162023	3.785890	-3.239256	3.906196	-3.414635	4.141060	-3.071453	4.262389	-2.662171	4.178409	-2.484476	3.837409	-2.285975	
-0.254693	0.007934	-0.620078	0.045606	-0.567922	0.190237	-0.904215	0.353656	-0.868462	0.437508	-1.088969	0.362876	-1.232296	0.026555	-1.448677	0.218058	-1.504910	0.132736	-1.605150	0.433709	-1.752186	0.158615	-1.843735	0.316824	-1.859163	0.234003	-1.901196	0.251906	-1.377818	0.734199	-1.688747	0.797225	-1.719123	0.959772	-1.883642	0.969728	-2.099542	0.813146	-1.666727	1.105757	-1.674228	1.228096	-0.713659	0.917925	-0.784696	1.077390	-0.449548	0.954491	-0.518248	1.073200	-0.666059	1.146089	-0.526963	1.216008	-0.441141	1.487519	-0.364488	1.574115	-0.498115	1.750239	-0.559308	1.746486	-0.874458	1.542999	-0.263265	1.928336	-0.391887	2.022888	-0.773243	1.897232	-1.024249	1.984285	-1.129217	1.691249	-1.192882	1.728332	-1.087635	1.345769	-1.654600	1.577321	-1.710820	1.491995	-1.282957	1.190491	-1.729977	1.470358	-1.891392	1.767638	-1.853089	1.810908	-1.920493	1.909166	-2.052080	1.716893	-2.120060	1.487581	-2.073001	1.388028	-1.881939	1.276832	
0.972522	-0.022038	1.688970	-0.095880	1.586803	-0.379487	2.245197	-0.699024	2.175244	-0.863168	2.606767	-0.717045	2.887471	-0.058684	3.311030	-0.433530	3.421081	-0.266534	3.617306	-0.855609	3.905010	-0.317199	4.084152	-0.626799	4.114338	-0.464732	4.196585	-0.499763	3.172203	-1.443534	3.780848	-1.566783	3.840291	-1.883642	4.163098	-1.905216	4.584725	-1.597844	3.737678	-2.170163	3.752305	-2.409649	1.872325	-1.803053	2.011362	-2.115094	1.355621	-1.874610	1.490033	-2.106864	1.779218	-2.249468	1.507082	-2.386265	1.339176	-2.917444	1.189190	-3.086886	1.450668	-3.431541	1.570414	-3.424197	2.187163	-3.025970	0.991102	-3.780052	1.242800	-3.965080	1.989087	-3.719201	2.480307	-3.889568	2.685728	-3.316092	2.810319	-3.388666	2.604381	-2.639949	3.713858	-3.093149	3.823888	-2.926167	2.986538	-2.336114	3.861379	-2.883822	4.177273	-3.465601	4.102315	-3.550282	4.234225	-3.742575	4.491740	-3.366294	4.624771	-2.917538	4.532691	-2.722705	4.158802	-2.505060	
-0.257342	0.007992	-0.626712	0.046073	-0.573987	0.192281	-0.913952	0.357489	-0.877807	0.442262	-1.100735	0.366803	-1.245662	0.026752	-1.464432	0.220366	-1.521297	0.134097	-1.622662	0.438408	-1.771321	0.160262	-1.863894	0.320229	-1.879487	0.236488	-1.921988	0.254589	-1.392740	0.742245	-1.707163	0.806009	-1.737850	0.969728	-1.905216	0.981726	-2.122846	0.822059	-1.684856	1.117648	-1.692417	1.241347	-0.721327	0.927924	-0.793143	1.089131	-0.454345	0.964875	-0.523786	1.084884	-0.673192	1.158555	-0.532594	1.229229	-0.445850	1.503645	-0.368368	1.591178	-0.503446	1.769220	-0.565305	1.765426	-0.883905	1.559710	-0.266040	1.949256	-0.396063	2.044838	-0.781581	1.917820	-1.035337	2.005828	-1.141455	1.709580	-1.205817	1.747069	-1.099433	1.360310	-1.672563	1.594412	-1.729400	1.508154	-1.296856	1.203351	-1.748767	1.486279	-1.911948	1.786809	-1.873226	1.830553	-1.941367	1.929885	-2.074392	1.735510	-2.143113	1.503694	-2.095545	1.403051	-1.902401	1.290627	
1.027187	-0.023243	1.825801	-0.105519	1.711879	-0.421657	2.446055	-0.778002	2.368036	-0.961058	2.849358	-0.798097	3.162494	-0.063714	3.634941	-0.481833	3.757707	-0.295560	3.976604	-0.952631	4.297496	-0.352076	4.497311	-0.697409	4.530979	-0.516638	4.622708	-0.555712	3.480063	-1.608457	4.158981	-1.746011	4.225387	-2.099542	4.584725	-2.122846	5.060816	-1.781340	4.110975	-2.419057	4.127310	-2.686210	2.030167	-2.009468	2.185236	-2.357545	1.453745	-2.089308	1.603695	-2.348385	1.926308	-2.507480	1.622716	-2.660090	1.435395	-3.252706	1.268073	-3.441731	1.559764	-3.826202	1.693344	-3.818009	2.381311	-3.373793	1.047105	-4.214974	1.327879	-4.421375	2.160363	-4.147085	2.708309	-4.337125	2.937449	-3.697425	3.076428	-3.778386	2.846674	-2.943130	4.084416	-3.448713	4.207164	-3.262430	3.273015	-2.604165	4.248989	-3.215190	4.601396	-3.864214	4.517774	-3.958683	4.664930	-4.173203	4.952210	-3.753429	5.100618	-3.252803	4.997896	-3.035450	4.580790	-2.792647	
-0.217686	0.007118	-0.527446	0.039081	-0.483249	0.161689	-0.768237	0.300192	-0.737944	0.371244	-0.924747	0.308005	-1.046150	0.023100	-1.229459	0.185329	-1.277096	0.113048	-1.362020	0.368028	-1.486580	0.134971	-1.564131	0.268999	-1.577206	0.198838	-1.612813	0.214005	-1.169410	0.622590	-1.432851	0.676005	-1.458579	0.813146	-1.597844	0.822059	-1.781340	0.689838	-1.414193	0.937116	-1.420533	1.040770	-0.606817	0.778179	-0.667001	0.913252	-0.383122	0.809140	-0.441306	0.909693	-0.566493	0.971422	-0.448687	1.030640	-0.376004	1.260575	-0.311080	1.333919	-0.424263	1.483103	-0.476096	1.479924	-0.743054	1.307551	-0.225339	1.633957	-0.334286	1.714046	-0.657316	1.607616	-0.869941	1.681359	-0.958857	1.433130	-1.012787	1.464544	-0.923644	1.140457	-1.403891	1.336626	-1.451518	1.264347	-1.089066	1.008937	-1.467747	1.246017	-1.604484	1.497845	-1.572038	1.534500	-1.629136	1.617736	-1.740604	1.454859	-1.798188	1.260611	-1.758330	1.176276	-1.596488	1.082067	
0.917571	-0.020827	1.551422	-0.086191	1.461072	-0.337096	2.043286	-0.619633	1.981442	-0.764766	2.362911	-0.635571	2.611030	-0.053607	2.985456	-0.384968	3.082728	-0.237351	3.256183	-0.758082	3.510496	-0.282139	3.668832	-0.555806	3.695525	-0.412551	3.768223	-0.443516	2.862749	-1.277762	3.400769	-1.386690	3.453325	-1.666727	3.737678	-1.684856	4.110975	-1.414193	3.362772	-1.919919	3.375657	-2.131686	1.713661	-1.595557	1.836580	-1.871387	1.256931	-1.658814	1.375747	-1.864111	1.631376	-1.990171	1.390818	-2.111095	1.242393	-2.580643	1.109806	-2.730428	1.340952	-3.035105	1.446807	-3.028612	1.992014	-2.676576	0.934696	-3.343188	1.157197	-3.506751	1.816915	-3.289397	2.251155	-3.440003	2.432747	-2.933046	2.542886	-2.997206	2.360829	-2.335286	3.341663	-2.735955	3.438937	-2.588334	2.698654	-2.066685	3.472082	-2.550898	3.751352	-3.065224	3.685084	-3.140087	3.801700	-3.310087	4.029358	-2.977432	4.146965	-2.580707	4.065564	-2.408462	3.735027	-2.216047	
-0.291820	0.008752	-0.713008	0.052153	-0.652866	0.218877	-1.040631	0.407291	-0.999400	0.503984	-1.253718	0.417923	-1.419041	0.030020	-1.668614	0.250894	-1.733461	0.152492	-1.849069	0.499610	-2.018636	0.182341	-2.124208	0.364795	-2.142006	0.269284	-2.190478	0.289930	-1.586884	0.846139	-1.945468	0.918758	-1.980530	1.105757	-2.170163	1.117648	-2.419057	0.937116	-1.919919	1.274969	-1.928598	1.415983	-0.820841	1.058115	-0.902764	1.242042	-0.516204	1.100299	-0.595446	1.237216	-0.765940	1.321292	-0.605499	1.401941	-0.506506	1.715128	-0.418095	1.815007	-0.572215	2.018137	-0.642792	2.013808	-1.006253	1.779131	-0.301352	2.223544	-0.449696	2.332594	-0.889523	2.187665	-1.179004	2.288060	-1.300065	1.950108	-1.373488	1.992874	-1.252103	1.551691	-1.905950	1.818721	-1.970786	1.720322	-1.477386	1.372610	-1.992878	1.695370	-2.179028	2.038200	-2.134856	2.088101	-2.212588	2.201415	-2.364337	1.979680	-2.442731	1.715234	-2.388466	1.600425	-2.168138	1.472177	
0.919465	-0.020869	1.556162	-0.086525	1.465406	-0.338557	2.050245	-0.622370	1.988121	-0.768158	2.371316	-0.638379	2.620558	-0.053782	2.996679	-0.386643	3.094392	-0.238358	3.268629	-0.761445	3.524096	-0.283349	3.683149	-0.558255	3.709964	-0.414351	3.782990	-0.445456	2.873421	-1.283478	3.413875	-1.392901	3.466671	-1.674228	3.752305	-1.692417	4.127310	-1.420533	3.375657	-1.928598	3.388753	-2.141243	1.719130	-1.602710	1.842604	-1.879792	1.260317	-1.666260	1.379677	-1.872488	1.636475	-1.999127	1.394817	-2.120604	1.245711	-2.592312	1.112517	-2.742783	1.344718	-3.048849	1.451056	-3.042327	1.998741	-2.688687	0.936609	-3.358337	1.160124	-3.522646	1.822847	-3.304299	2.259063	-3.455590	2.441478	-2.946328	2.552117	-3.010782	2.369226	-2.345805	3.354570	-2.748332	3.452299	-2.600026	2.708592	-2.075974	3.485597	-2.562416	3.766160	-3.079123	3.699587	-3.154333	3.816743	-3.325121	4.045454	-2.990926	4.163602	-2.592369	4.081832	-2.419322	3.749774	-2.225991	
-0.322829	0.009436	-0.790627	0.057621	-0.723816	0.242798	-1.154570	0.452091	-1.108763	0.559512	-1.391329	0.463901	-1.575046	0.032875	-1.852358	0.278295	-1.924415	0.168956	-2.052879	0.554657	-2.241284	0.202125	-2.358587	0.404854	-2.378361	0.298729	-2.432218	0.321669	-1.761517	0.939679	-2.159993	1.020375	-2.198952	1.228096	-2.409649	1.241347	-2.686210	1.040770	-2.131686	1.415983	-2.141243	1.572865	-0.910375	1.175203	-1.001393	1.379566	-0.571873	1.222082	-0.659926	1.374212	-0.849375	1.467638	-0.671096	1.557253	-0.561095	1.905273	-0.462856	2.016256	-0.634105	2.241957	-0.712525	2.237148	-1.116360	1.976396	-0.333141	2.470189	-0.497970	2.591357	-0.986663	2.430320	-1.308305	2.541869	-1.442813	2.166371	-1.524394	2.213892	-1.389499	1.723620	-2.116079	2.020374	-2.188126	1.911032	-1.639831	1.524628	-2.212676	1.883304	-2.419528	2.264261	-2.370444	2.319711	-2.456820	2.445627	-2.625444	2.199233	-2.712557	1.905379	-2.652258	1.777801	-2.407428	1.635291	
