0.158864	-0.008622	0.433883	-0.050628	0.389595	-0.157955	0.635526	-0.291821	0.891428	-0.059484	0.772934	-0.305121	1.046042	-0.209757	1.090915	-0.148122	1.274294	-0.175996	1.351342	-0.235918	1.382099	-0.250681	1.337073	-0.297040	1.155158	-0.375921	0.605877	-0.353220	0.473723	-0.705828	0.521193	-0.827135	0.275756	-0.723897	0.430379	-0.874176	0.322794	-0.814716	0.324315	-0.921435	0.250912	-1.120690	0.190799	-1.182551	0.284241	-1.318445	0.329969	-1.317810	0.102951	-1.443027	0.195943	-1.517803	0.571936	-1.177114	0.737663	-1.037518	0.756620	-1.296460	0.802798	-1.326307	0.888594	-0.928626	1.152094	-1.229834	1.196967	-1.168198	1.178890	-0.970230	1.212001	-1.152734	1.177585	-0.878770	1.331992	-1.013789	1.221798	-0.771396	0.975267	-0.591937	1.321976	-1.379883	1.291922	-1.410810	1.470508	-1.103300	1.443500	-1.347662	1.502083	-1.179056	1.343964	-0.784877	1.204802	-0.649661	1.338755	-1.486370	
-0.008622	0.001878	-0.023401	0.004135	-0.021021	0.009903	-0.034237	0.017096	-0.047989	0.004611	-0.041621	0.017811	-0.056298	0.012686	-0.058709	0.009374	-0.068564	0.010872	-0.072704	0.014092	-0.074357	0.014885	-0.071937	0.017377	-0.062162	0.021616	-0.032644	0.020396	-0.025542	0.039344	-0.028093	0.045863	-0.014904	0.040315	-0.023213	0.048391	-0.017431	0.045196	-0.017513	0.050931	-0.013569	0.061638	-0.010338	0.064963	-0.015360	0.072266	-0.017817	0.072231	-0.005617	0.078960	-0.010615	0.082979	-0.030820	0.064671	-0.039726	0.057169	-0.040745	0.071084	-0.043226	0.072688	-0.047837	0.051317	-0.061997	0.067504	-0.064408	0.064192	-0.063437	0.053553	-0.065216	0.063361	-0.063367	0.048638	-0.071664	0.055894	-0.065743	0.042868	-0.052494	0.033224	-0.071126	0.075567	-0.069511	0.077229	-0.079108	0.060704	-0.077657	0.073836	-0.080805	0.064775	-0.072308	0.043592	-0.064829	0.036326	-0.072028	0.081290	
0.433883	-0.023401	3.823265	-0.538626	3.278573	-1.857762	6.300958	-3.503007	9.446009	-0.647566	7.989713	-3.666457	11.346219	-2.494428	11.897721	-1.736931	14.151465	-2.079507	15.098378	-2.815954	15.476387	-2.997387	14.923016	-3.567143	12.687272	-4.536595	5.936571	-4.257600	4.312387	-8.591176	4.895792	-10.082047	1.879358	-8.813246	3.779681	-10.660181	2.457452	-9.929417	2.476154	-11.241001	1.574026	-13.689855	0.835222	-14.450134	1.983642	-16.120287	2.545643	-16.112475	-0.244431	-17.651410	0.898444	-18.570404	5.519424	-14.383321	7.556222	-12.667668	7.789211	-15.850082	8.356733	-16.216906	9.411172	-11.329381	12.649612	-15.031246	13.201108	-14.273742	12.978939	-11.840692	13.385877	-14.083690	12.962896	-10.716644	14.860574	-12.376042	13.506273	-9.397009	10.476399	-7.191454	14.737470	-16.875365	14.368104	-17.255462	16.562944	-13.476141	16.231014	-16.479368	16.951001	-14.407181	15.007711	-9.562695	13.297396	-7.900884	14.943688	-18.184093	
-0.050628	0.004135	-0.538626	0.078653	-0.460164	0.268423	-0.894904	0.504943	-1.347172	0.094322	-1.137752	0.528448	-1.620428	0.359907	-1.699736	0.250976	-2.023831	0.300240	-2.160000	0.406143	-2.214359	0.432234	-2.134782	0.514166	-1.813276	0.653576	-0.842504	0.613456	-0.608941	1.236638	-0.692837	1.451029	-0.259065	1.268572	-0.532337	1.534167	-0.342196	1.429081	-0.344886	1.617691	-0.215157	1.969843	-0.108915	2.079174	-0.274061	2.319347	-0.354878	2.318223	0.046343	2.539527	-0.118006	2.671681	-0.782517	2.069566	-1.075415	1.822850	-1.108919	2.280490	-1.190531	2.333241	-1.342162	1.630400	-1.807860	2.162739	-1.887167	2.053808	-1.855218	1.703928	-1.913737	2.026478	-1.852911	1.542286	-2.125803	1.780913	-1.931050	1.352519	-1.495345	1.035353	-2.108100	2.427929	-2.054984	2.482588	-2.370609	1.939110	-2.322876	2.370984	-2.426413	2.072997	-2.146962	1.376345	-1.901013	1.137371	-2.137755	2.616128	
0.389595	-0.021021	3.278573	-0.460164	2.815164	-1.584857	5.392718	-2.988407	8.075209	-0.552931	6.833099	-3.127817	9.695944	-2.128165	10.166334	-1.482077	12.088607	-1.774269	12.896253	-2.402403	13.218665	-2.557151	12.746682	-3.043110	10.839761	-3.869979	5.081923	-3.632018	3.696616	-7.328231	4.194217	-8.599831	1.621427	-7.517640	3.242259	-9.092936	2.114497	-8.469650	2.130448	-9.588332	1.361001	-11.677019	0.730857	-12.325480	1.710373	-13.749995	2.189717	-13.743331	-0.190005	-15.055927	0.784780	-15.839759	4.726128	-12.268494	6.463363	-10.805171	6.662085	-13.519530	7.146138	-13.832404	8.045495	-9.663713	10.807640	-12.821125	11.278025	-12.175031	11.088531	-10.099823	11.435619	-12.012931	11.074847	-9.141095	12.693423	-10.556436	11.538307	-8.015546	8.954053	-6.134373	12.588426	-14.394019	12.273384	-14.718213	14.145416	-11.494738	13.862305	-14.056264	14.476400	-12.288845	12.818920	-8.156864	11.360151	-6.739464	12.764314	-15.510265	
-0.157955	0.009903	-1.857762	0.268423	-1.584857	0.930891	-3.103123	1.757681	-4.683245	0.323063	-3.951579	1.839801	-5.637940	1.250956	-5.915023	0.870377	-7.047339	1.042493	-7.523083	1.412495	-7.713000	1.503650	-7.434978	1.789904	-6.311706	2.276972	-2.920049	2.136801	-2.104033	4.314056	-2.397145	5.063093	-0.881642	4.425628	-1.836394	5.353556	-1.172085	4.986409	-1.181482	5.645370	-0.728238	6.875712	-0.357052	7.257688	-0.934036	8.096799	-1.216394	8.092873	0.185382	8.866059	-0.388815	9.327775	-2.710468	7.224120	-3.733786	6.362149	-3.850844	7.961043	-4.135976	8.145342	-4.665742	5.689773	-6.292784	7.549648	-6.569865	7.169066	-6.458244	5.946664	-6.662696	7.073580	-6.450183	5.381925	-7.403606	6.215632	-6.723184	4.718919	-5.200929	3.610814	-7.341757	8.476161	-7.156182	8.667128	-8.258903	6.768339	-8.092136	8.277207	-8.453869	7.236108	-7.477530	4.802163	-6.618241	3.967243	-7.445364	9.133687	
0.635526	-0.034237	6.300958	-0.894904	5.392718	-3.103123	10.462871	-5.877405	15.749036	-1.077935	13.301295	-6.152128	18.942938	-4.182173	19.869911	-2.908960	23.658041	-3.484766	25.249630	-4.722600	25.884992	-5.027555	24.954878	-5.985211	21.197000	-7.614674	9.850409	-7.145705	7.120469	-14.429599	8.101061	-16.935462	3.031024	-14.802856	6.225096	-17.907193	4.002687	-16.678922	4.034121	-18.883439	2.517820	-22.999484	1.276036	-24.277365	3.206305	-27.084566	4.150919	-27.071435	-0.538651	-29.658085	1.382298	-31.202734	9.149264	-24.165065	12.572724	-21.281387	12.964332	-26.630403	13.918226	-27.246961	15.690532	-19.031988	21.133714	-25.254098	22.060671	-23.980882	21.687249	-19.891402	22.371232	-23.661441	21.660283	-18.002099	24.849907	-20.791221	22.573594	-15.784050	17.480971	-12.076946	24.642995	-28.353700	24.022162	-28.992569	27.711257	-22.640272	27.153348	-27.688107	28.363506	-24.205167	25.097216	-16.062536	22.222512	-13.269358	24.989606	-30.553415	
-0.291821	0.017096	-3.503007	0.504943	-2.988407	1.757681	-5.877405	3.380776	-8.924646	0.613909	-7.513592	3.539131	-10.765908	2.403488	-11.300302	1.669492	-13.484142	2.001439	-14.401684	2.715043	-14.767967	2.890848	-14.231761	3.442932	-12.065357	4.382294	-5.524340	4.111863	-3.950581	8.310870	-4.515873	9.755448	-1.593105	8.526046	-3.434419	10.315629	-2.153248	9.607557	-2.171369	10.878414	-1.297254	13.251226	-0.581392	13.987897	-1.694151	15.606188	-2.238700	15.598618	0.464736	17.089767	-0.642650	17.980224	-5.120139	13.923158	-7.093690	12.260780	-7.319443	15.344369	-7.869342	15.699799	-8.891038	10.964051	-12.028908	14.550956	-12.563278	13.816976	-12.348008	11.459484	-12.742309	13.632826	-12.332462	10.370344	-14.171208	11.978209	-12.858965	9.091690	-9.923188	6.954632	-14.051928	16.337806	-13.694032	16.706100	-15.820711	13.044145	-15.499090	15.954107	-16.196718	13.946272	-14.313776	9.252231	-12.656573	7.642030	-14.251742	17.605892	
0.891428	-0.047989	9.446009	-1.347172	8.075209	-4.683245	15.749036	-8.924646	23.786492	-1.628377	20.064948	-9.342394	28.641933	-6.347460	30.051141	-4.411871	35.809877	-5.287238	38.229428	-7.169009	39.195312	-7.632603	37.781345	-9.088439	32.068624	-11.565675	14.817871	-10.853223	10.667539	-21.927051	12.158342	-25.736753	4.450273	-22.494516	9.306280	-27.214096	5.927509	-25.346733	5.975300	-28.698301	3.670040	-34.956001	1.782131	-36.898788	4.716755	-41.166627	6.152868	-41.146663	-0.976770	-45.079195	1.943684	-47.427553	13.751946	-36.728058	18.956694	-32.343948	19.552073	-40.476176	21.002296	-41.413560	23.696772	-28.924135	31.972190	-38.383773	33.381469	-36.448068	32.813744	-30.230720	33.853623	-35.962414	32.772748	-27.358359	37.622020	-31.598739	34.161282	-23.986198	26.418807	-18.350167	37.307446	-43.096183	36.363577	-44.067473	41.972209	-34.409901	41.124005	-42.084264	42.963841	-36.789055	37.998013	-24.409590	33.627530	-20.163031	37.834409	-46.440470	
-0.059484	0.004611	-0.647566	0.094322	-0.552931	0.323063	-1.077935	0.613909	-1.628377	0.114424	-1.373541	0.642523	-1.960768	0.437472	-2.057239	0.304963	-2.451456	0.364891	-2.617090	0.493710	-2.683210	0.525446	-2.586416	0.625106	-2.195353	0.794706	-1.014175	0.746014	-0.730018	1.504216	-0.832089	1.765057	-0.304333	1.543068	-0.636814	1.866208	-0.405476	1.738354	-0.408749	1.967829	-0.250912	2.396281	-0.121651	2.529300	-0.322579	2.821510	-0.420906	2.820143	0.067245	3.089395	-0.132712	3.250183	-0.941200	2.517610	-1.297558	2.217439	-1.338324	2.774240	-1.437618	2.838423	-1.622104	1.983290	-2.188713	2.630980	-2.285205	2.498444	-2.246334	2.072749	-2.317533	2.465192	-2.243527	1.876082	-2.575551	2.166416	-2.338599	1.645193	-1.808476	1.259297	-2.554013	2.953634	-2.489387	3.020137	-2.873404	2.358893	-2.815329	2.884349	-2.941300	2.521791	-2.601296	1.674183	-2.302054	1.383423	-2.590093	3.182614	
0.772934	-0.041621	7.989713	-1.137752	6.833099	-3.951579	13.301295	-7.513592	20.064948	-1.373541	16.933592	-7.865027	24.151003	-5.344841	25.336898	-3.715996	30.183144	-4.452646	32.219301	-6.036232	33.032134	-6.426366	31.842217	-7.651516	27.034716	-9.736202	12.517664	-9.136562	9.025015	-18.455647	10.279571	-21.661635	3.792972	-18.933182	7.879465	-22.904868	5.036116	-21.333420	5.076335	-24.153877	3.136380	-29.419940	1.547642	-31.054860	4.017227	-34.646389	5.225764	-34.629589	-0.774064	-37.938946	1.683595	-39.915168	11.620641	-30.911183	16.000608	-27.221808	16.501640	-34.065347	17.722050	-34.854187	19.989540	-24.343923	26.953579	-32.304521	28.139533	-30.675561	27.661774	-25.443457	28.536866	-30.266867	27.627274	-23.026271	31.708098	-26.594691	28.795772	-20.188484	22.280220	-15.445574	31.443373	-36.270170	30.649076	-37.087543	35.368926	-28.960377	34.655134	-35.418607	36.203417	-30.962514	32.024509	-20.544782	28.346603	-16.971159	31.886830	-39.084499	
-0.305121	0.017811	-3.666457	0.528448	-3.127817	1.839801	-6.152128	3.539131	-9.342394	0.642523	-7.865027	3.705238	-11.270117	2.516125	-11.829604	1.747676	-14.115999	2.095219	-15.076625	2.842327	-15.460112	3.026391	-14.898723	3.604399	-12.630579	4.587833	-5.782459	4.304696	-4.134805	8.700876	-4.726637	10.213277	-1.666643	8.926153	-3.594408	10.799759	-2.253085	10.058442	-2.272057	11.388967	-1.356901	13.873184	-0.607429	14.644442	-1.772433	16.338714	-2.342549	16.330788	0.487816	17.891947	-0.671563	18.824212	-5.359274	14.576663	-7.425484	12.836235	-7.661836	16.064602	-8.237554	16.436720	-9.307219	11.478624	-12.592415	15.233939	-13.151874	14.465497	-12.926497	11.997319	-13.339311	14.272701	-12.910222	10.857042	-14.835299	12.540398	-13.461444	9.518354	-10.387828	7.280957	-14.710418	17.104683	-14.335719	17.490268	-16.562248	13.656381	-16.225526	16.702969	-16.955908	14.600863	-14.984560	9.686432	-13.249551	8.000629	-14.919613	18.432306	
1.046042	-0.056298	11.346219	-1.620428	9.695944	-5.637940	18.942938	-10.765908	28.641933	-1.960768	24.151003	-11.270117	34.502104	-7.655823	36.202722	-5.319883	43.152608	-6.376403	46.072677	-8.647478	47.238368	-9.206980	45.531897	-10.963957	38.637437	-13.953553	17.819203	-13.093203	12.810434	-26.457386	14.609573	-31.055020	5.307314	-27.142217	11.167644	-32.837905	7.090074	-30.584332	7.147748	-34.629074	4.365712	-42.180995	2.087346	-44.525589	5.628911	-49.676106	7.362042	-49.652013	-1.242153	-54.397875	2.282311	-57.231922	16.532765	-44.319546	22.813963	-39.028713	23.532469	-48.842834	25.282628	-49.974071	28.534371	-34.901623	38.521270	-46.317662	40.222009	-43.981623	39.536870	-36.478434	40.791811	-43.395529	39.487394	-33.012027	45.339570	-38.129380	41.163096	-28.942453	31.819380	-22.140823	44.959937	-52.004669	43.820862	-53.176836	50.589443	-41.521934	49.565818	-50.783470	51.786159	-44.393132	45.793322	-29.453407	40.518950	-24.328608	45.595883	-56.040605	
-0.209757	0.012686	-2.494428	0.359907	-2.128165	1.250956	-4.182173	2.403488	-6.347460	0.437472	-5.344841	2.516125	-7.655823	1.709306	-8.035592	1.187642	-9.587522	1.423513	-10.239552	1.930614	-10.499841	2.055544	-10.118804	2.447874	-8.579281	3.115378	-3.931272	2.923093	-2.812932	5.906968	-3.214631	6.933492	-1.137698	6.059872	-2.446145	7.331559	-1.535739	6.828399	-1.548616	7.731476	-0.927465	9.417606	-0.418770	9.941088	-1.209502	11.091053	-1.596461	11.085674	0.324613	12.145291	-0.462301	12.778054	-3.644025	9.895083	-5.046439	8.713790	-5.206858	10.904999	-5.597619	11.157567	-6.323639	7.792331	-8.553416	10.341194	-8.933140	9.819626	-8.780169	8.144388	-9.060360	9.688769	-8.769122	7.370443	-10.075739	8.512995	-9.143256	6.461828	-7.057088	4.943232	-9.990978	11.610933	-9.736656	11.872643	-11.247879	9.270451	-11.019334	11.338276	-11.515070	9.911504	-10.177047	6.575909	-8.999435	5.431698	-10.132966	12.512037	
1.090915	-0.058709	11.897721	-1.699736	10.166334	-5.915023	19.869911	-11.300302	30.051141	-2.057239	25.336898	-11.829604	36.202722	-8.035592	37.988165	-5.583406	45.283636	-6.692506	48.348947	-9.076546	49.572630	-9.663891	47.781269	-11.508257	40.543849	-14.646579	18.690291	-13.743314	13.432394	-27.772183	15.321015	-32.598482	5.556106	-28.491075	11.707901	-34.470039	7.427532	-32.104384	7.488074	-36.350292	4.567673	-44.277810	2.175991	-46.739014	5.893697	-52.145693	7.713026	-52.120402	-1.319101	-57.102300	2.380653	-60.077299	17.339857	-46.522722	23.933452	-40.968749	24.687692	-51.270972	26.524895	-52.458468	29.938363	-36.636398	40.421952	-48.620207	42.207276	-46.167987	41.488062	-38.291633	42.805417	-45.552743	41.436126	-34.652827	47.579355	-40.024687	43.195166	-30.380856	33.386753	-23.240955	47.180841	-54.590052	45.985115	-55.820516	53.090326	-43.585967	52.015792	-53.308118	54.346560	-46.599962	48.055673	-30.917222	42.518983	-25.537547	47.848416	-58.826712	
-0.148122	0.009374	-1.736931	0.250976	-1.482077	0.870377	-2.908960	1.669492	-4.411871	0.304963	-3.715996	1.747676	-5.319883	1.187642	-5.583406	0.825777	-6.660586	0.989375	-7.113130	1.341323	-7.293773	1.428019	-7.029318	1.700322	-5.960803	2.163530	-2.734817	2.030156	-1.958646	4.101105	-2.237442	4.813559	-0.795954	4.207226	-1.704077	5.089836	-1.072213	4.740620	-1.081150	5.367398	-0.650043	6.537651	-0.296985	6.900972	-0.845789	7.699102	-1.114357	7.695368	0.218958	8.430792	-0.327197	8.869959	-2.535462	6.869043	-3.508802	6.049170	-3.620142	7.569975	-3.891349	7.745271	-4.395242	5.409633	-5.942818	7.178671	-6.206366	6.816676	-6.100196	5.653977	-6.294663	6.725855	-6.092530	5.116820	-6.999387	5.909809	-6.352197	4.486196	-4.904289	3.432211	-6.940559	8.059933	-6.764047	8.241573	-7.812911	6.435521	-7.654289	7.870695	-7.998355	6.880444	-7.069701	4.565374	-6.252380	3.771231	-7.039105	8.685345	
1.274294	-0.068564	14.151465	-2.023831	12.088607	-7.047339	23.658041	-13.484142	35.809877	-2.451456	30.183144	-14.115999	43.152608	-9.587522	45.283636	-6.660586	53.993294	-7.984872	57.652436	-10.830799	59.113467	-11.532133	56.974798	-13.733878	48.334448	-17.478718	22.250033	-16.400036	15.974068	-33.145182	18.228361	-38.905928	6.572818	-34.003263	13.915692	-41.139844	8.806580	-38.316163	8.878845	-43.384141	5.393010	-52.846543	2.538264	-55.784272	6.975773	-62.237764	9.147351	-62.207577	-1.633530	-68.154045	2.782552	-71.705047	20.638078	-55.526100	28.508290	-48.896797	29.408553	-61.193664	31.601466	-62.611060	35.675826	-43.725649	48.189149	-58.029656	50.320130	-55.102660	49.461670	-45.701359	51.034078	-54.368299	49.399676	-41.358043	56.732301	-47.769951	51.499285	-36.258973	39.791874	-27.736726	56.256631	-65.155327	54.829399	-66.624022	63.310255	-52.020733	62.027679	-63.625196	64.809709	-55.618270	57.300838	-36.899183	50.692179	-30.477957	57.053455	-70.212249	
-0.175996	0.010872	-2.079507	0.300240	-1.774269	1.042493	-3.484766	2.001439	-5.287238	0.364891	-4.452646	2.095219	-6.376403	1.423513	-6.692506	0.989375	-7.984872	1.186172	-8.527667	1.608202	-8.744499	1.712310	-8.427128	2.038966	-7.145048	2.594036	-3.275904	2.433989	-2.344969	4.917859	-2.679353	5.772364	-0.950457	5.045139	-2.039644	6.103727	-1.281797	5.684883	-1.292516	6.436629	-0.775453	7.840210	-0.352002	8.275971	-1.010229	9.233234	-1.332344	9.228756	0.266811	10.110810	-0.388238	10.637539	-3.036792	8.237675	-4.204200	7.254334	-4.337738	9.078358	-4.663018	9.288603	-5.267378	6.487286	-7.123508	8.609032	-7.439601	8.174864	-7.312264	6.780348	-7.545502	8.065935	-7.303068	6.136094	-8.390733	7.087187	-7.614508	5.379737	-5.877921	4.115612	-8.320176	9.665999	-8.108471	9.883854	-9.366456	7.717715	-9.176209	9.439031	-9.588873	8.251346	-8.475065	5.474700	-7.494788	4.522225	-8.438371	10.416104	
1.351342	-0.072704	15.098378	-2.160000	12.896253	-7.523083	25.249630	-14.401684	38.229428	-2.617090	32.219301	-15.076625	46.072677	-10.239552	48.348947	-7.113130	57.652436	-8.527667	61.563255	-11.569380	63.122930	-12.317669	60.838088	-14.669614	51.607696	-18.668641	23.745664	-17.516261	17.041954	-35.402660	19.449885	-41.556019	6.999983	-36.319222	14.843296	-43.942182	9.385983	-40.926059	9.463173	-46.339434	5.739768	-56.446724	2.690463	-59.584668	7.430401	-66.477984	9.749979	-66.445739	-1.765650	-72.797476	2.951400	-76.590489	22.023830	-59.308900	30.430419	-52.227792	31.392035	-65.362718	33.734401	-66.876708	38.086437	-46.704219	51.452564	-61.983068	53.728775	-58.856593	52.811809	-48.814579	54.491379	-58.072184	52.745590	-44.175259	60.577945	-51.024149	54.988289	-38.728680	42.483006	-29.625633	60.069857	-69.594365	58.545358	-71.163154	67.604197	-55.564628	66.234212	-67.959954	69.205842	-59.407343	61.185228	-39.412521	54.126177	-32.553681	60.920987	-74.995925	
-0.235918	0.014092	-2.815954	0.406143	-2.402403	1.412495	-4.722600	2.715043	-7.169009	0.493710	-6.036232	2.842327	-8.647478	1.930614	-9.076546	1.341323	-10.830799	1.608202	-11.569380	2.183056	-11.862846	2.323333	-11.431777	2.766813	-9.690754	3.519456	-4.439110	3.302115	-3.175512	6.673553	-3.629384	7.833401	-1.282699	6.846316	-2.761087	8.283169	-1.732437	7.714659	-1.746987	8.735027	-1.045161	10.640151	-0.470398	11.231622	-1.363829	12.530945	-1.801047	12.524867	0.369536	13.722106	-0.519582	14.437052	-4.114546	11.179642	-5.699105	9.844923	-5.880358	12.320723	-6.321871	12.606091	-7.142185	8.803787	-9.661558	11.683689	-10.090600	11.094381	-9.917762	9.201568	-10.234343	10.946529	-9.905280	8.327106	-11.381596	9.618049	-10.328004	7.300484	-7.970895	5.584659	-11.285827	13.118338	-10.998475	13.414038	-12.705970	10.473881	-12.447742	12.810268	-13.007862	11.198192	-11.496062	7.429380	-10.165504	6.136563	-11.446255	14.136474	
1.382099	-0.074357	15.476387	-2.214359	13.218665	-7.713000	25.884992	-14.767967	39.195312	-2.683210	33.032134	-15.460112	47.238368	-10.499841	49.572630	-7.293773	59.113467	-8.744499	63.122930	-11.862846	64.727727	-12.635104	62.380718	-15.043596	52.914359	-19.143641	24.342721	-17.961859	17.468263	-36.303826	19.937524	-42.613910	7.170527	-37.243732	15.213607	-45.060847	9.617298	-41.967903	9.696454	-47.519155	5.878215	-57.883876	2.751245	-61.101742	7.611908	-68.170629	9.990565	-68.137562	-1.818363	-74.651076	3.018828	-78.540696	22.577027	-60.818950	31.197729	-53.557488	32.183836	-67.026955	34.585861	-68.579504	39.048742	-47.893233	52.755296	-63.561225	55.089480	-60.355121	54.149160	-50.057342	55.871508	-59.550733	54.081254	-45.299862	62.113095	-52.323189	56.381073	-39.714562	43.557290	-30.379668	61.592066	-71.366377	60.028738	-72.975122	69.318300	-56.979311	67.913423	-69.690338	70.960738	-60.919898	62.735844	-40.415820	55.497003	-33.382291	62.464873	-76.905510	
-0.250681	0.014885	-2.997387	0.432234	-2.557151	1.503650	-5.027555	2.890848	-7.632603	0.525446	-6.426366	3.026391	-9.206980	2.055544	-9.663891	1.428019	-11.532133	1.712310	-12.317669	2.323333	-12.635104	2.478027	-12.172378	2.946557	-10.317885	3.747412	-4.725681	3.515988	-3.380143	7.106051	-3.863448	8.341112	-1.364587	7.290017	-2.938844	8.820046	-1.843489	8.214670	-1.858983	9.301206	-1.111646	11.329872	-0.499610	11.959699	-1.450978	13.343279	-1.916548	13.336807	0.394790	14.611684	-0.551984	15.372992	-4.380072	11.904348	-6.067385	10.483077	-6.260392	13.119425	-6.730536	13.423299	-7.604046	9.374425	-10.286794	12.441081	-10.743658	11.813559	-10.559611	9.798001	-10.896722	11.656118	-10.546320	8.866832	-12.118372	10.241490	-10.996457	7.773636	-8.486494	5.946544	-12.016392	13.968764	-11.710406	14.283639	-13.528628	11.152821	-13.253655	13.640717	-13.850098	11.924101	-12.240260	7.910891	-10.823419	6.534238	-12.187224	15.052924	
1.337073	-0.071937	14.923016	-2.134782	12.746682	-7.434978	24.954878	-14.231761	37.781345	-2.586416	31.842217	-14.898723	45.531897	-10.118804	47.781269	-7.029318	56.974798	-8.427128	60.838088	-11.431777	62.380718	-12.172378	60.125092	-14.499196	51.001505	-18.448276	23.468684	-17.309544	16.844190	-34.984586	19.223668	-41.065235	6.920879	-35.890318	14.671512	-43.423201	9.278685	-40.442718	9.354963	-45.792126	5.675555	-55.779986	2.662282	-58.880850	7.346211	-65.692712	9.638380	-65.660848	-1.741176	-71.937530	2.920135	-75.685724	21.767199	-58.608341	30.074452	-51.610906	31.024706	-64.590626	33.339393	-66.086727	37.640005	-46.152601	50.848195	-61.250912	53.097510	-58.161380	52.191379	-48.238024	53.851103	-57.386240	52.125942	-43.653523	59.865749	-50.421485	54.342142	-38.271302	41.984622	-29.275817	59.363665	-68.772273	57.857179	-70.322524	66.808977	-54.908314	65.455180	-67.157174	68.391696	-58.705622	60.465856	-38.947062	53.490216	-32.169268	60.204737	-74.110006	
-0.297040	0.017377	-3.567143	0.514166	-3.043110	1.789904	-5.985211	3.442932	-9.088439	0.625106	-7.651516	3.604399	-10.963957	2.447874	-11.508257	1.700322	-13.733878	2.038966	-14.669614	2.766813	-15.043596	2.946557	-14.499196	3.512998	-12.287364	4.463383	-5.625601	4.187618	-4.022697	8.464352	-4.598443	9.935641	-1.621632	8.683505	-3.496993	10.506178	-2.192132	9.785014	-2.210589	11.079368	-1.320311	13.496052	-0.591213	14.246344	-1.724547	15.894557	-2.279165	15.886847	0.474257	17.405567	-0.653604	18.312488	-5.213880	14.180405	-7.223920	12.487292	-7.453842	15.627884	-8.013909	15.989877	-9.054491	11.166593	-12.250355	14.819793	-12.794600	14.072248	-12.575352	11.671185	-12.976940	13.884694	-12.559519	10.561916	-14.432249	12.199497	-13.095751	9.259630	-10.105724	7.083082	-14.310764	16.639667	-13.946253	17.014767	-16.112237	13.285134	-15.784672	16.248877	-16.495193	14.203933	-14.577450	9.423137	-12.889617	7.783181	-14.514270	17.931189	
1.155158	-0.062162	12.687272	-1.813276	10.839761	-6.311706	21.197000	-12.065357	32.068624	-2.195353	27.034716	-12.630579	38.637437	-8.579281	40.543849	-5.960803	48.334448	-7.145048	51.607696	-9.690754	52.914359	-10.317885	51.001505	-12.287364	43.273557	-15.639139	19.937345	-14.674050	14.322584	-29.655000	16.339372	-34.808813	5.911819	-30.422677	12.481072	-36.807371	7.910239	-34.281183	7.974891	-38.815216	4.856312	-47.280689	2.302333	-49.908909	6.272320	-55.682482	8.215108	-55.655475	-1.429934	-60.975442	2.520883	-64.152322	18.495208	-49.677937	25.536240	-43.747076	26.341654	-54.748383	28.303528	-56.016445	31.948626	-39.120744	43.143583	-51.917723	45.050050	-49.299107	44.282034	-40.888300	45.688778	-48.642116	44.226572	-37.002582	50.786653	-42.738951	46.104972	-32.440736	35.631020	-24.816368	50.361098	-58.292654	49.084235	-59.606612	56.671573	-46.541883	55.524126	-56.923734	58.013049	-49.760394	51.295290	-33.013495	45.382900	-27.268791	51.073971	-62.816794	
-0.375921	0.021616	-4.536595	0.653576	-3.869979	2.276972	-7.614674	4.382294	-11.565675	0.794706	-9.736202	4.587833	-13.953553	3.115378	-14.646579	2.163530	-17.478718	2.594036	-18.668641	3.519456	-19.143641	3.747412	-18.448276	4.463383	-15.639139	5.682609	-7.156784	5.330421	-5.115538	10.776542	-5.848691	12.650061	-2.058070	11.055608	-4.446123	13.376570	-2.784536	12.458250	-2.808040	14.106457	-1.674374	17.183817	-0.745955	18.139225	-2.189122	20.238030	-2.895363	20.228212	0.610796	22.162123	-0.825402	23.316980	-6.632373	18.055253	-9.191921	15.899277	-9.484683	19.898413	-10.197861	20.359339	-11.522909	14.217540	-15.592382	18.869378	-16.285401	17.917485	-16.006220	14.860076	-16.517584	17.678663	-15.986055	13.447583	-18.370711	15.532805	-16.668868	11.789309	-12.861526	9.017811	-18.216017	21.186726	-17.751865	21.664362	-20.509934	16.915208	-20.092827	20.689110	-20.997573	18.085168	-18.555601	11.997508	-16.406376	9.909277	-18.475153	22.831293	
0.605877	-0.032644	5.936571	-0.842504	5.081923	-2.920049	9.850409	-5.524340	14.817871	-1.014175	12.517664	-5.782459	17.819203	-3.931272	18.690291	-2.734817	22.250033	-3.275904	23.745664	-4.439110	24.342721	-4.725681	23.468684	-5.625601	19.937345	-7.156784	9.275317	-6.715991	6.709908	-13.560557	7.631359	-15.915273	2.867149	-13.911309	5.868553	-16.828389	3.780201	-15.674208	3.809737	-17.745748	2.384900	-21.613513	1.218020	-22.814313	3.031856	-25.452184	3.919490	-25.439844	-0.487204	-27.870468	1.317873	-29.321944	8.616336	-22.708789	11.833296	-19.999054	12.201282	-25.025418	13.097638	-25.604784	14.763040	-17.885339	19.877885	-23.732128	20.748928	-22.535713	20.398030	-18.692913	21.040755	-22.235541	20.372691	-16.917574	23.369915	-19.538454	21.230909	-14.833321	16.445485	-11.349840	23.175484	-26.644760	22.592100	-27.245092	26.058666	-21.275970	25.534411	-26.019316	26.671571	-22.746470	23.602304	-15.095009	20.901002	-12.470324	23.501187	-28.711787	
-0.353220	0.020396	-4.257600	0.613456	-3.632018	2.136801	-7.145705	4.111863	-10.853223	0.746014	-9.136562	4.304696	-13.093203	2.923093	-13.743314	2.030156	-16.400036	2.433989	-17.516261	3.302115	-17.961859	3.515988	-17.309544	4.187618	-14.674050	5.330421	-6.715991	5.001787	-4.801411	10.110260	-5.489143	11.867735	-1.933293	10.372041	-4.173442	12.549255	-2.614764	11.687812	-2.636810	13.233942	-1.573359	16.120714	-0.702438	17.016951	-2.056225	18.985771	-2.718726	18.976561	0.570285	20.790698	-0.776965	21.874031	-6.224296	16.938191	-8.625326	14.915734	-8.899983	18.667254	-9.568993	19.099683	-10.811996	13.338123	-14.629571	17.701996	-15.279692	16.809026	-15.017792	13.940870	-15.497504	16.584987	-14.998880	12.615807	-17.235923	14.571958	-15.639432	11.060178	-12.067713	8.460194	-17.090805	19.875902	-16.655384	20.323972	-19.242730	15.868790	-18.851441	19.409088	-19.700185	16.966329	-17.409373	11.255496	-15.393203	9.296495	-17.333900	21.418672	
0.473723	-0.025542	4.312387	-0.608941	3.696616	-2.104033	7.120469	-3.950581	10.667539	-0.730018	9.025015	-4.134805	12.810434	-2.812932	13.432394	-1.958646	15.974068	-2.344969	17.041954	-3.175512	17.468263	-3.380143	16.844190	-4.022697	14.322584	-5.115538	6.709908	-4.801411	4.879471	-9.686456	5.537268	-11.367550	2.136011	-9.936883	4.278771	-12.019452	2.787853	-11.195455	2.808937	-12.674380	1.791717	-15.435670	0.958652	-16.292949	2.253590	-18.176186	2.887292	-18.167377	-0.258748	-19.902654	1.029939	-20.938897	6.240504	-16.217639	8.537200	-14.283079	8.799894	-17.871533	9.439835	-18.285125	10.628814	-12.774056	14.280370	-16.948166	14.902219	-16.094029	14.651711	-13.350600	15.110558	-15.879732	14.633618	-12.083162	16.773377	-13.954245	15.246301	-10.595201	11.829995	-8.108370	16.634571	-19.027534	16.218085	-19.456119	18.692913	-15.194681	18.318641	-18.581021	19.130474	-16.244491	16.939266	-10.782022	15.010755	-8.908287	16.867095	-20.503212	
-0.705828	0.039344	-8.591176	1.236638	-7.328231	4.314056	-14.429599	8.310870	-21.927051	1.504216	-18.455647	8.700876	-26.457386	5.906968	-27.772183	4.101105	-33.145182	4.917859	-35.402660	6.673553	-36.303826	7.106051	-34.984586	8.464352	-29.655000	10.776542	-13.560557	10.110260	-9.686456	20.445786	-11.077483	24.000387	-3.885399	20.975176	-8.416340	25.378811	-5.263752	23.636464	-5.308358	26.763647	-3.157415	32.602403	-1.395901	34.415122	-4.134064	38.397242	-5.474034	38.378615	1.178295	42.047878	-1.546641	44.239015	-12.564326	34.255762	-17.420554	30.165194	-17.976105	37.752939	-19.329214	38.627618	-21.843274	26.974324	-29.564744	35.800725	-30.879686	33.994595	-30.349959	28.193438	-31.320234	33.541450	-30.311711	25.513350	-34.836378	29.469878	-31.607320	22.366884	-24.382969	17.107969	-34.542859	40.197688	-33.662172	41.103960	-38.895367	32.092863	-38.103938	39.253507	-39.820619	34.312757	-35.187239	22.761935	-31.109342	18.799502	-35.034547	43.318109	
0.521193	-0.028093	4.895792	-0.692837	4.194217	-2.397145	8.101061	-4.515873	12.158342	-0.832089	10.279571	-4.726637	14.609573	-3.214631	15.321015	-2.237442	18.228361	-2.679353	19.449885	-3.629384	19.937524	-3.863448	19.223668	-4.598443	16.339372	-5.848691	7.631359	-5.489143	5.537268	-11.077483	6.289812	-13.000535	2.398995	-11.363949	4.850162	-13.746253	3.144659	-12.803661	3.168779	-14.495439	2.005152	-17.654154	1.052187	-18.634819	2.533503	-20.789106	3.258414	-20.779029	-0.340431	-22.764062	1.133734	-23.949449	7.094224	-18.548648	9.721453	-16.335666	10.021960	-20.440557	10.753998	-20.913676	12.114087	-14.609461	16.291178	-19.384314	17.002524	-18.407248	16.715961	-15.268984	17.240847	-18.162110	16.695264	-13.819137	19.142980	-15.959505	17.396130	-12.117019	13.488122	-9.272253	18.984196	-21.762944	18.507770	-22.253212	21.338776	-17.378466	20.910639	-21.252169	21.839311	-18.579365	19.332752	-12.330726	17.126691	-10.187295	19.250185	-23.451003	
-0.827135	0.045863	-10.082047	1.451029	-8.599831	5.063093	-16.935462	9.755448	-25.736753	1.765057	-21.661635	10.213277	-31.055020	6.933492	-32.598482	4.813559	-38.905928	5.772364	-41.556019	7.833401	-42.613910	8.341112	-41.065235	9.935641	-34.808813	12.650061	-15.915273	11.867735	-11.367550	24.000387	-13.000535	28.173355	-4.557479	24.621914	-9.876519	29.791510	-6.175581	27.746098	-6.227943	31.417217	-3.702869	38.271547	-1.634965	40.399564	-4.849397	45.074323	-6.422438	45.052455	1.386979	49.359941	-1.811924	51.932198	-14.745988	40.212473	-20.446891	35.410409	-21.099050	44.317905	-22.687513	45.344696	-25.638848	31.664547	-34.703289	42.026106	-36.246936	39.905842	-35.625074	33.095708	-36.764107	39.373883	-35.580170	29.949482	-40.891804	34.594154	-37.101124	26.255753	-28.620262	20.082162	-40.547232	47.187820	-39.513371	48.251717	-45.656759	37.673347	-44.727679	46.079420	-46.742937	40.279341	-41.303694	26.719510	-36.516534	22.067889	-41.124439	50.850966	
0.275756	-0.014904	1.879358	-0.259065	1.621427	-0.881642	3.031024	-1.593105	4.450273	-0.304333	3.792972	-1.666643	5.307314	-1.137698	5.556106	-0.795954	6.572818	-0.950457	6.999983	-1.282699	7.170527	-1.364587	6.920879	-1.621632	5.911819	-2.058070	2.867149	-1.933293	2.136011	-3.885399	2.398995	-4.557479	1.039327	-3.985530	1.895882	-4.818105	1.299855	-4.488690	1.308277	-5.079935	0.901645	-6.183847	0.568596	-6.526574	1.086274	-7.279445	1.339612	-7.275923	0.081902	-7.969637	0.597091	-8.383912	2.680188	-6.496529	3.598418	-5.723101	3.703441	-7.157777	3.959296	-7.323125	4.434662	-5.119807	5.894532	-6.788591	6.143144	-6.447111	6.042997	-5.350298	6.226437	-6.361436	6.035766	-4.843581	6.891223	-5.591638	6.280694	-4.248737	4.914974	-3.254628	6.835731	-7.619912	6.669222	-7.791258	7.658645	-6.087556	7.509015	-7.441398	7.833581	-6.507264	6.957513	-4.323432	6.186496	-3.574428	6.928693	-8.209882	
-0.723897	0.040315	-8.813246	1.268572	-7.517640	4.425628	-14.802856	8.526046	-22.494516	1.543068	-18.933182	8.926153	-27.142217	6.059872	-28.491075	4.207226	-34.003263	5.045139	-36.319222	6.846316	-37.243732	7.290017	-35.890318	8.683505	-30.422677	11.055608	-13.911309	10.372041	-9.936883	20.975176	-11.363949	24.621914	-3.985530	21.518396	-8.633865	26.036054	-5.399606	24.248572	-5.445366	27.456768	-3.238701	33.446785	-1.431553	35.306464	-4.240651	39.391746	-5.615335	39.372637	1.209332	43.136958	-1.586197	45.384859	-12.889318	35.142986	-17.871367	30.946437	-18.441306	38.730767	-19.829472	39.628103	-22.408668	27.672898	-30.330177	36.727966	-31.679186	34.875045	-31.135735	28.923598	-32.131147	34.410161	-31.096495	26.174078	-35.738384	30.233107	-32.425670	22.946095	-25.014160	17.550937	-35.437260	41.238841	-34.533758	42.168592	-39.902528	32.924045	-39.090596	40.270199	-40.851750	35.201450	-36.098335	23.351380	-31.914791	19.286291	-35.941686	44.440103	
0.430379	-0.023213	3.779681	-0.532337	3.242259	-1.836394	6.225096	-3.434419	9.306280	-0.636814	7.879465	-3.594408	11.167644	-2.446145	11.707901	-1.704077	13.915692	-2.039644	14.843296	-2.761087	15.213607	-2.938844	14.671512	-3.496993	12.481072	-4.446123	5.868553	-4.173442	4.278771	-8.416340	4.850162	-9.876519	1.895882	-8.633865	3.757079	-10.442750	2.462067	-9.727038	2.480380	-11.011611	1.596832	-13.410033	0.873245	-14.154656	1.998013	-15.790413	2.548439	-15.782761	-0.184175	-17.290003	0.935163	-18.190072	5.460989	-14.089240	7.455869	-12.408909	7.684046	-15.525790	8.239890	-15.885030	9.272622	-11.098193	12.444310	-14.723766	12.984439	-13.981874	12.766853	-11.598970	13.165400	-13.795739	12.751138	-10.498092	14.609700	-12.123289	13.283302	-9.205677	10.315968	-7.045674	14.489136	-16.529875	14.127382	-16.902138	16.276983	-13.200713	15.951896	-16.142040	16.657042	-14.112563	14.753783	-9.367948	13.078704	-7.740471	14.691103	-17.811629	
-0.874176	0.048391	-10.660181	1.534167	-9.092936	5.353556	-17.907193	10.315629	-27.214096	1.866208	-22.904868	10.799759	-32.837905	7.331559	-34.470039	5.089836	-41.139844	6.103727	-43.942182	8.283169	-45.060847	8.820046	-43.423201	10.506178	-36.807371	13.376570	-16.828389	12.549255	-12.019452	25.378811	-13.746253	29.791510	-4.818105	26.036054	-10.442750	31.502695	-6.529176	29.339741	-6.584545	33.221788	-3.914386	40.469930	-1.727674	42.720211	-5.126791	47.663558	-6.790211	47.640435	1.467896	52.195409	-1.914800	54.915452	-15.591997	42.522375	-21.620450	37.444403	-22.310076	46.863684	-23.989806	47.949464	-27.110712	33.483321	-36.695945	44.440199	-38.328280	42.198116	-37.670690	34.996711	-38.875165	41.635594	-37.623205	31.669722	-43.240016	36.581248	-39.231545	27.763768	-30.263419	21.235473	-42.875647	49.898475	-41.782386	51.023498	-48.278738	39.837355	-47.296279	48.726393	-49.427321	42.593075	-43.675574	28.254168	-38.613368	23.335286	-43.486016	53.772085	
0.322794	-0.017431	2.457452	-0.342196	2.114497	-1.172085	4.002687	-2.153248	5.927509	-0.405476	5.036116	-2.253085	7.090074	-1.535739	7.427532	-1.072213	8.806580	-1.281797	9.385983	-1.732437	9.617298	-1.843489	9.278685	-2.192132	7.910239	-2.784536	3.780201	-2.614764	2.787853	-5.263752	3.144659	-6.175581	1.299855	-5.399606	2.462067	-6.529176	1.653439	-6.082233	1.664842	-6.884407	1.113111	-8.382121	0.661262	-8.847107	1.363629	-9.868566	1.707345	-9.863788	0.000947	-10.804993	0.699925	-11.367049	3.526132	-8.806295	4.771885	-7.756983	4.914370	-9.703399	5.261485	-9.927730	5.906406	-6.938486	7.887024	-9.202539	8.224318	-8.739251	8.088444	-7.251200	8.337322	-8.623016	8.078633	-6.563735	9.239242	-7.578624	8.410940	-5.756684	6.557997	-4.407902	9.163955	-10.330398	8.938051	-10.562865	10.280408	-8.251440	10.077403	-10.088207	10.517744	-8.820862	9.329197	-5.858021	8.283157	-4.841779	9.290077	-11.130814	
-0.814716	0.045196	-9.929417	1.429081	-8.469650	4.986409	-16.678922	9.607557	-25.346733	1.738354	-21.333420	10.058442	-30.584332	6.828399	-32.104384	4.740620	-38.316163	5.684883	-40.926059	7.714659	-41.967903	8.214670	-40.442718	9.785014	-34.281183	12.458250	-15.674208	11.687812	-11.195455	23.636464	-12.803661	27.746098	-4.488690	24.248572	-9.727038	29.339741	-6.082233	27.325395	-6.133811	30.940792	-3.647046	37.691136	-1.610513	39.786869	-4.776177	44.390706	-6.325353	44.369170	1.365585	48.611306	-1.784787	51.144539	-14.522640	39.602632	-20.137071	34.873405	-20.779345	43.645796	-22.343713	44.657016	-25.250284	31.184357	-34.177245	41.388762	-35.697480	39.300656	-35.085050	32.593811	-36.206807	38.776765	-35.040827	29.495304	-40.271899	34.069530	-36.538712	25.857597	-28.186479	19.777640	-39.932554	46.472189	-38.914373	47.519950	-44.964584	37.102021	-44.049596	45.380600	-46.034288	39.668490	-40.677542	26.314320	-35.962989	21.733251	-40.501005	50.079776	
0.324315	-0.017513	2.476154	-0.344886	2.130448	-1.181482	4.034121	-2.171369	5.975300	-0.408749	5.076335	-2.272057	7.147748	-1.548616	7.488074	-1.081150	8.878845	-1.292516	9.463173	-1.746987	9.696454	-1.858983	9.354963	-2.210589	7.974891	-2.808040	3.809737	-2.636810	2.808937	-5.308358	3.168779	-6.227943	1.308277	-5.445366	2.480380	-6.584545	1.664842	-6.133811	1.676408	-6.942795	1.119946	-8.453255	0.664253	-8.922195	1.372599	-9.952342	1.719238	-9.947523	-0.001673	-10.896742	0.703250	-11.463571	3.553494	-8.881031	4.809841	-7.822794	4.953540	-9.785761	5.303605	-10.012002	5.954011	-6.997336	7.951474	-9.280645	8.291636	-8.813416	8.154607	-7.312709	8.405602	-8.696193	8.144712	-6.619397	9.315192	-7.642918	8.479846	-5.805482	6.611142	-4.445227	9.239265	-10.418096	9.011440	-10.652540	10.365214	-8.321457	10.160482	-10.173845	10.604568	-8.895721	9.405913	-5.907681	8.350977	-4.882794	9.366459	-11.225319	
-0.921435	0.050931	-11.241001	1.617691	-9.588332	5.645370	-18.883439	10.878414	-28.698301	1.967829	-24.153877	11.388967	-34.629074	7.731476	-36.350292	5.367398	-43.384141	6.436629	-46.339434	8.735027	-47.519155	9.301206	-45.792126	11.079368	-38.815216	14.106457	-17.745748	13.233942	-12.674380	26.763647	-14.495439	31.417217	-5.079935	27.456768	-11.011611	33.221788	-6.884407	30.940792	-6.942795	35.034771	-4.126882	42.678546	-1.820806	45.051659	-5.405469	50.264844	-7.159689	50.240459	1.549195	55.044074	-2.018148	57.912590	-16.441933	44.843020	-22.799459	39.487857	-23.526728	49.421296	-25.298148	50.566337	-28.589409	35.310554	-38.697851	46.865516	-40.419288	44.501050	-39.725802	36.906556	-40.996024	43.907822	-39.675725	33.397964	-45.599130	38.577585	-41.371857	29.278801	-31.914206	22.394157	-45.214872	52.621732	-44.061935	53.808164	-50.912890	42.011427	-49.876803	51.385672	-52.124168	44.917567	-46.058465	29.795969	-40.719936	24.608586	-45.858558	56.706782	
0.250912	-0.013569	1.574026	-0.215157	1.361001	-0.728238	2.517820	-1.297254	3.670040	-0.250912	3.136380	-1.356901	4.365712	-0.927465	4.567673	-0.650043	5.393010	-0.775453	5.739768	-1.045161	5.878215	-1.111646	5.675555	-1.320311	4.856312	-1.674374	2.384900	-1.573359	1.791717	-3.157415	2.005152	-3.702869	0.901645	-3.238701	1.596832	-3.914386	1.113111	-3.647046	1.119946	-4.126882	0.790003	-5.022799	0.519663	-5.300951	0.939794	-5.911951	1.145394	-5.909093	0.124691	-6.472066	0.542800	-6.808289	2.233378	-5.276596	2.978616	-4.648886	3.063854	-5.813270	3.271507	-5.947466	3.657318	-4.159254	4.842144	-5.513634	5.043917	-5.236490	4.962638	-4.346318	5.111517	-5.166956	4.956771	-3.935068	5.651055	-4.542191	5.155548	-3.452304	4.047164	-2.645524	5.606019	-6.188332	5.470881	-6.327396	6.273894	-4.944675	6.152455	-6.043450	6.415871	-5.285310	5.704845	-3.512928	5.079088	-2.905072	5.681466	-6.667150	
-1.120690	0.061638	-13.689855	1.969843	-11.677019	6.875712	-22.999484	13.251226	-34.956001	2.396281	-29.419940	13.873184	-42.180995	9.417606	-44.277810	6.537651	-52.846543	7.840210	-56.446724	10.640151	-57.883876	11.329872	-55.779986	13.496052	-47.280689	17.183817	-21.613513	16.120714	-15.435670	32.602403	-17.654154	38.271547	-6.183847	33.446785	-13.410033	40.469930	-8.382121	37.691136	-8.453255	42.678546	-5.022799	51.990559	-2.213434	54.881564	-6.580409	61.232470	-8.717470	61.202763	1.892023	67.054695	-2.453848	70.549239	-20.025435	54.627329	-27.770391	48.103484	-28.656360	60.204704	-30.814364	61.599606	-34.823878	43.014557	-47.138263	57.091144	-49.235364	54.210685	-48.390540	44.958865	-49.937960	53.487999	-48.329530	40.684604	-55.545591	46.994555	-50.395809	35.666514	-38.874234	27.279437	-55.077476	64.103525	-53.672937	65.548868	-62.018959	51.177759	-60.756769	62.597722	-63.494571	54.718099	-56.105174	36.296536	-49.601620	29.977105	-55.861633	69.080044	
