0.159632	-0.008637	0.436132	-0.049703	0.392058	-0.157727	0.639218	-0.291423	0.895867	-0.057464	0.777324	-0.304501	1.051487	-0.208149	1.096464	-0.146147	1.280752	-0.173802	1.358358	-0.233789	1.389244	-0.248624	1.343997	-0.295346	1.161475	-0.374892	0.981133	-0.592296	1.211867	-0.649856	1.229171	-0.772129	1.184948	-0.880090	0.894702	-0.930744	0.609576	-0.353170	0.477480	-0.707668	0.525391	-0.829461	0.434241	-0.876883	0.278614	-0.726184	0.326037	-0.817336	0.327763	-0.924549	0.254379	-1.124900	0.194105	-1.187150	0.288219	-1.323511	0.334166	-1.322774	0.106539	-1.448977	0.199759	-1.524041	0.577006	-1.180988	0.489069	-1.442804	0.743268	-1.040442	0.762801	-1.300569	0.809243	-1.330451	1.160017	-1.232854	1.220054	-1.155283	1.204978	-1.170850	1.186440	-0.971978	1.300832	-1.414421	1.330972	-1.383298	1.340346	-1.015459	1.348010	-1.490263	1.453007	-1.350694	1.511540	-1.181208	1.479666	-1.105122	1.351947	-0.785453	
-0.008637	0.001877	-0.023450	0.004077	-0.021089	0.009864	-0.034329	0.017026	-0.048078	0.004493	-0.041728	0.017727	-0.056415	0.012565	-0.058824	0.009243	-0.068697	0.010725	-0.072854	0.013939	-0.074509	0.014733	-0.072085	0.017236	-0.062307	0.021498	-0.052646	0.033144	-0.065007	0.036228	-0.065934	0.042778	-0.063565	0.048561	-0.048016	0.051275	-0.032741	0.020334	-0.025665	0.039325	-0.028232	0.045849	-0.023349	0.048390	-0.015011	0.040317	-0.017552	0.045200	-0.017644	0.050943	-0.013713	0.061676	-0.010484	0.065011	-0.015526	0.072316	-0.017987	0.072276	-0.005793	0.079037	-0.010787	0.083058	-0.030997	0.064681	-0.026286	0.078706	-0.039903	0.057152	-0.040950	0.071087	-0.043438	0.072688	-0.062229	0.067459	-0.065445	0.063304	-0.064638	0.064138	-0.063644	0.053484	-0.069773	0.077186	-0.071387	0.075519	-0.071889	0.055813	-0.072300	0.081249	-0.077925	0.073772	-0.081060	0.064693	-0.079353	0.060617	-0.072511	0.043492	
0.436132	-0.023450	3.784160	-0.518095	3.251669	-1.822514	6.235974	-3.436968	9.335015	-0.611891	7.903607	-3.594884	11.214138	-2.431419	11.757230	-1.682753	13.982521	-2.016685	14.919621	-2.741033	15.292563	-2.920166	14.746210	-3.484329	12.542239	-4.444859	10.364609	-7.070012	13.150725	-7.765051	13.359674	-9.241502	12.825681	-10.545140	9.320950	-11.156787	5.878039	-4.182562	4.282973	-8.463143	4.861506	-9.933794	3.760867	-10.506419	1.881663	-8.686720	2.454297	-9.787385	2.475135	-11.081981	1.589019	-13.501236	0.861208	-14.252898	1.997635	-15.899464	2.552456	-15.890564	-0.196147	-17.414478	0.929480	-18.320873	5.484756	-14.178501	4.422909	-17.339942	7.492377	-12.481398	7.728233	-15.622440	8.289024	-15.983264	12.524638	-14.804786	13.249591	-13.868114	13.067539	-14.056079	12.843698	-11.654697	14.224989	-16.997210	14.588925	-16.621397	14.702113	-12.179723	14.794661	-17.913009	16.062501	-16.227702	16.769293	-14.181154	16.384419	-13.262411	14.842200	-9.402400	
-0.049703	0.004077	-0.518095	0.073624	-0.443548	0.255961	-0.860642	0.481462	-1.293650	0.086734	-1.093649	0.503526	-1.556206	0.340964	-1.632089	0.236358	-1.943013	0.283016	-2.073948	0.384224	-2.126056	0.409253	-2.049718	0.488079	-1.741773	0.622288	-1.437508	0.989082	-1.826792	1.086195	-1.855987	1.292489	-1.781376	1.474637	-1.291685	1.560098	-0.810631	0.585638	-0.587763	1.183734	-0.668598	1.389218	-0.514813	1.469227	-0.252245	1.214973	-0.332255	1.368761	-0.335167	1.549646	-0.211356	1.887672	-0.109664	1.992696	-0.268449	2.222759	-0.345970	2.221516	0.038073	2.434442	-0.119203	2.561086	-0.755680	1.982301	-0.607315	2.424027	-1.036191	1.745177	-1.069145	2.184053	-1.147501	2.234468	-1.739313	2.069808	-1.840606	1.938933	-1.815169	1.965196	-1.783893	1.629668	-1.976892	2.376140	-2.027742	2.323630	-2.043557	1.703026	-2.056488	2.504098	-2.233634	2.268622	-2.332389	1.982672	-2.278614	1.854302	-2.063130	1.314970	
0.392058	-0.021089	3.251669	-0.443548	2.797698	-1.557981	5.348011	-2.938087	7.996688	-0.523564	6.773298	-3.073057	9.602729	-2.078671	10.066897	-1.438804	11.968800	-1.724208	12.769717	-2.343290	13.088462	-2.496392	12.621507	-2.978568	10.737825	-3.799510	8.876658	-6.043165	11.257884	-6.637198	11.436468	-7.899085	10.980077	-9.013274	7.984667	-9.536034	5.042093	-3.575330	3.678829	-7.233841	4.173287	-8.490771	3.232597	-8.980180	1.626486	-7.424927	2.115903	-8.365639	2.133713	-9.472099	1.376370	-11.539778	0.754328	-12.182206	1.725605	-13.589487	2.199797	-13.581880	-0.149368	-14.884333	0.812678	-15.659007	4.705963	-12.118621	3.798429	-14.820629	6.421829	-10.668147	6.623410	-13.352721	7.102705	-13.661109	10.722782	-12.653891	11.342383	-11.853341	11.186787	-12.013990	10.995476	-9.961586	12.176032	-14.527704	12.487079	-14.206505	12.583819	-10.410313	12.662917	-15.310416	13.746510	-13.870024	14.350588	-12.120888	14.021645	-11.335661	12.703547	-8.036601	
-0.157727	0.009864	-1.822514	0.255961	-1.557981	0.905483	-3.044405	1.709916	-4.588204	0.302595	-3.875143	1.788585	-5.524296	1.209000	-5.794840	0.836049	-6.903377	1.002399	-7.370197	1.363235	-7.555979	1.452471	-7.283811	1.733511	-6.185895	2.212003	-5.101101	3.519732	-6.489015	3.865968	-6.593103	4.601468	-6.327093	5.250880	-4.581198	5.555575	-2.866099	2.081337	-2.071511	4.213726	-2.359709	4.946336	-1.811422	5.231591	-0.875289	4.325101	-1.160549	4.873402	-1.170930	5.518309	-0.729507	6.723470	-0.366946	7.097914	-0.933061	7.918157	-1.209447	7.913723	0.159780	8.672866	-0.400956	9.124391	-2.670183	7.060853	-2.141220	8.635736	-3.670287	6.215434	-3.787780	7.780156	-4.067140	7.959902	-6.177127	7.372839	-6.538265	6.906232	-6.447575	6.999867	-6.336068	5.803610	-7.024163	8.465003	-7.205459	8.277790	-7.261844	6.065154	-7.307948	8.921212	-7.939527	8.081670	-8.291618	7.062174	-8.099891	6.604499	-7.331629	4.681620	
0.639218	-0.034329	6.235974	-0.860642	5.348011	-3.044405	10.354866	-5.767392	15.564270	-1.018229	13.158131	-6.032737	18.723152	-4.076922	19.636105	-2.818394	23.376886	-3.379740	24.952175	-4.597387	25.579101	-4.898518	24.660663	-5.846889	20.955719	-7.461554	17.295089	-11.874480	21.978572	-13.042839	22.329812	-15.524763	21.432166	-17.716187	15.540697	-18.744367	9.753151	-7.020672	7.071833	-14.216337	8.044350	-16.688510	6.194170	-17.651094	3.035218	-14.592171	3.997818	-16.442395	4.032848	-18.618616	2.543282	-22.685397	1.319828	-23.948945	3.230167	-26.716830	4.162824	-26.701869	-0.457591	-29.263577	1.434593	-30.787232	9.092035	-23.823883	7.307066	-29.138282	12.466856	-20.971044	12.863332	-26.251151	13.806024	-26.857698	20.926110	-24.876670	22.144761	-23.302121	21.838731	-23.618090	21.462453	-19.581357	23.784409	-28.562146	24.396187	-27.930402	24.586457	-20.463928	24.742031	-30.101608	26.873276	-27.268599	28.061396	-23.828341	27.414421	-22.283931	24.821943	-15.795234	
-0.291423	0.017026	-3.436968	0.481462	-2.938087	1.709916	-5.767392	3.291148	-8.745936	0.575043	-7.370228	3.442562	-10.552362	2.324158	-11.074425	1.604483	-13.213563	1.925476	-14.114370	2.621770	-14.472873	2.793974	-13.947665	3.336284	-11.829016	4.259587	-9.735781	6.783018	-12.413856	7.451083	-12.614685	8.870275	-12.101402	10.123350	-8.732611	10.711270	-5.423258	4.007602	-3.890046	8.122100	-4.446142	9.535712	-3.388192	10.086126	-1.581875	8.337007	-2.132298	9.394981	-2.152329	10.639363	-1.300582	12.964784	-0.601000	13.687291	-1.693349	15.269993	-2.226650	15.261438	0.415344	16.726244	-0.666624	17.597484	-5.045216	13.615779	-4.024556	16.654599	-6.974967	11.984502	-7.201674	15.003709	-7.740713	15.350537	-11.812036	14.217771	-12.508870	13.317431	-12.333879	13.498105	-12.118720	11.189869	-13.446433	16.325155	-13.796253	15.963919	-13.905051	11.694529	-13.994009	17.205432	-15.212672	15.585494	-15.892048	13.618328	-15.522103	12.735222	-14.039704	9.024935	
0.895867	-0.048078	9.335015	-1.293650	7.996688	-4.588204	15.564270	-8.745936	23.477326	-1.536531	19.822005	-9.150624	28.273524	-6.180749	29.659805	-4.269723	35.339925	-5.122156	37.731978	-6.971134	38.683921	-7.428348	37.289386	-8.868458	31.663708	-11.320467	26.104747	-18.021797	33.217343	-19.796233	33.750835	-23.565442	32.387611	-26.893512	23.440342	-28.455004	14.650818	-10.650238	10.578816	-21.578383	12.055750	-25.332811	9.245919	-26.794671	4.448483	-22.149144	5.910364	-24.959044	5.963563	-28.264030	3.701389	-34.440174	1.843351	-36.359100	4.744547	-40.562634	6.160955	-40.539913	-0.855981	-44.430328	2.017644	-46.744274	13.646858	-36.169178	10.936055	-44.240050	18.772139	-31.836619	19.374263	-39.855434	20.805916	-40.776584	31.619070	-37.768024	33.469814	-35.376783	33.005051	-35.856640	32.433608	-29.726118	35.959920	-43.365096	36.889018	-42.405676	37.177979	-31.066465	37.414246	-45.703051	40.650932	-41.400607	42.455311	-36.175944	41.472761	-33.830473	37.535608	-23.976188	
-0.057464	0.004493	-0.611891	0.086734	-0.523564	0.302595	-1.018229	0.575043	-1.536531	0.103576	-1.297046	0.601819	-1.850333	0.407456	-1.941054	0.282395	-2.312755	0.338188	-2.469302	0.459194	-2.531596	0.489108	-2.440347	0.583359	-2.072213	0.743857	-1.708352	1.182484	-2.173964	1.298660	-2.208902	1.545408	-2.119659	1.763282	-1.533918	1.865509	-0.958490	0.699871	-0.691924	1.415328	-0.788611	1.661112	-0.604664	1.756814	-0.290597	1.452692	-0.386300	1.636644	-0.389783	1.853007	-0.241688	2.257333	-0.120050	2.382957	-0.309979	2.658144	-0.402705	2.656657	0.056664	2.911346	-0.131460	3.062830	-0.892776	2.370525	-0.715310	2.898890	-1.228307	2.086890	-1.267726	2.611850	-1.361451	2.672154	-2.069345	2.475195	-2.190506	2.318650	-2.160080	2.350064	-2.122670	1.948722	-2.353524	2.841613	-2.414348	2.778803	-2.433265	2.036470	-2.448733	2.994670	-2.660626	2.713006	-2.778752	2.370967	-2.714428	2.217418	-2.456678	1.572296	
0.777324	-0.041728	7.903607	-1.093649	6.773298	-3.875143	13.158131	-7.370228	19.822005	-1.297046	16.744423	-7.710793	23.862381	-5.209237	25.030091	-3.599522	29.814706	-4.317510	31.829569	-5.874934	32.631437	-6.260095	31.456710	-7.473097	26.717941	-9.538338	22.035801	-15.182740	28.026435	-16.677227	28.475738	-19.851868	27.327554	-22.654938	19.791720	-23.970108	12.388807	-8.974123	8.959177	-18.178335	10.203115	-21.340474	7.836555	-22.571714	3.795947	-18.659053	5.027206	-21.025671	5.072013	-23.809272	3.166713	-29.011087	1.601794	-30.627289	4.045305	-34.167687	5.238265	-34.148550	-0.671700	-37.425226	1.748590	-39.374131	11.543209	-30.467329	9.260059	-37.264963	15.859943	-26.818262	16.367081	-33.572090	17.572885	-34.347931	26.680250	-31.813986	28.239039	-29.799965	27.847592	-30.204125	27.366293	-25.040698	30.336328	-36.528115	31.118860	-35.720044	31.362236	-26.169605	31.561232	-38.497256	34.287329	-34.873526	35.807065	-30.473059	34.979512	-28.497589	31.663453	-20.197828	
-0.304501	0.017727	-3.594884	0.503526	-3.073057	1.788585	-6.032737	3.442562	-9.150624	0.601819	-7.710793	3.603211	-11.041331	2.432568	-11.587742	1.679318	-13.826654	2.015280	-14.769470	2.744047	-15.144687	2.924279	-14.594967	3.491872	-12.377485	4.458221	-10.186743	7.098820	-12.989584	7.798166	-13.199884	9.283489	-12.662674	10.595010	-9.136737	11.210367	-5.672933	4.193676	-4.068249	8.500424	-4.650277	9.979968	-3.542976	10.556060	-1.652399	8.725346	-2.228498	9.832674	-2.249463	11.135106	-1.357984	13.569008	-0.625766	14.325220	-1.769072	15.981753	-2.327251	15.972799	0.437989	17.505937	-0.694451	18.417819	-5.277306	14.250377	-4.209027	17.430954	-7.297083	12.542996	-7.534370	15.703055	-8.098557	16.066060	-12.359804	14.880441	-13.089146	13.938101	-12.905992	14.127203	-12.680800	11.711285	-14.070447	17.086136	-14.436587	16.708047	-14.550461	12.239490	-14.643568	18.007478	-15.919082	16.311969	-16.630152	14.253033	-16.242949	13.328730	-14.691395	9.445346	
1.051487	-0.056415	11.214138	-1.556206	9.602729	-5.524296	18.723152	-10.552362	28.273524	-1.850333	23.862381	-11.041331	34.063664	-7.456556	35.737006	-5.149734	42.593506	-6.178675	45.480900	-8.410557	46.630016	-8.962513	44.946589	-10.700789	38.155773	-13.660482	31.445940	-21.748994	40.030993	-23.890832	40.674975	-28.440349	39.029531	-32.457426	28.229910	-34.342193	17.620645	-12.851195	12.705615	-26.041872	14.488323	-30.573594	11.096762	-32.338109	5.306094	-26.730800	7.070634	-30.122444	7.134847	-34.111675	4.404326	-41.566490	2.161612	-43.882698	5.663453	-48.956507	7.373105	-48.929081	-1.096573	-53.624945	2.371989	-56.417956	16.408848	-43.653457	13.136813	-53.395274	22.595237	-38.423911	23.322020	-48.102871	25.050070	-49.214726	38.101877	-45.583293	40.335782	-42.696992	39.774799	-43.276195	39.085051	-35.876468	43.341416	-52.339129	44.462865	-51.181079	44.811651	-37.494307	45.096831	-55.161112	49.003610	-49.967930	51.181550	-43.661604	49.995582	-40.830549	45.243317	-28.936123	
-0.208149	0.012565	-2.431419	0.340964	-2.078671	1.209000	-4.076922	2.324158	-6.180749	0.407456	-5.209237	2.432568	-7.456556	1.643105	-7.825285	1.134645	-9.336030	1.361234	-9.972178	1.852964	-10.225351	1.974587	-9.854446	2.357555	-8.358211	3.009624	-6.879988	4.791337	-8.771220	5.263243	-8.913145	6.265477	-8.550659	7.150447	-6.171468	7.565670	-3.834157	2.831009	-2.751374	5.737059	-3.144112	6.735420	-2.396932	7.124154	-1.121216	5.888831	-1.509954	6.636030	-1.524100	7.514881	-0.922551	9.157220	-0.428468	9.667494	-1.199944	10.785283	-1.576590	10.779241	0.289329	11.813766	-0.474815	12.429082	-3.567220	9.616993	-2.846367	11.763170	-4.930118	8.464891	-5.090233	10.597208	-5.470931	10.842152	-8.346291	10.042125	-8.838428	9.406263	-8.714842	9.533863	-8.562890	7.903676	-9.500581	11.530460	-9.747640	11.275337	-9.824479	8.260092	-9.887305	12.152153	-10.747983	11.008076	-11.227791	9.618769	-10.966518	8.995078	-9.919575	6.374687	
1.096464	-0.058824	11.757230	-1.632089	10.066897	-5.794840	19.636105	-11.074425	29.659805	-1.941054	25.030091	-11.587742	35.737006	-7.825285	37.493451	-5.404029	44.689833	-6.484007	47.720377	-8.826543	48.926466	-9.405869	47.159568	-11.230324	40.032042	-14.336737	32.989593	-22.826169	42.000201	-25.074187	42.676114	-29.849221	40.949106	-34.065426	29.614140	-36.043623	18.478957	-13.487276	13.320285	-27.331842	15.191364	-32.088208	11.631678	-33.940193	5.553959	-28.054921	7.405970	-31.614694	7.473366	-35.801677	4.607489	-43.626037	2.253601	-46.057063	5.929033	-51.382387	7.723435	-51.353602	-1.166097	-56.282246	2.474406	-59.213710	17.207093	-45.816458	13.772857	-56.041190	23.700149	-40.327675	24.462960	-50.486431	26.276671	-51.653401	39.975467	-47.841953	42.320109	-44.812577	41.731317	-45.420490	41.007378	-37.653953	45.474734	-54.932681	46.651775	-53.717226	47.017850	-39.351990	47.317166	-57.894552	51.417608	-52.443941	53.703509	-45.825004	52.458753	-42.853612	47.470913	-30.369569	
-0.146147	0.009243	-1.682753	0.236358	-1.438804	0.836049	-2.818394	1.604483	-4.269723	0.282395	-3.599522	1.679318	-5.149734	1.134645	-5.404029	0.784162	-6.446146	0.940329	-6.884951	1.279514	-7.059578	1.363401	-6.803739	1.627569	-5.771683	2.077353	-4.751997	3.306410	-6.056595	3.631935	-6.154495	4.323291	-5.904446	4.933754	-4.263251	5.220182	-2.650951	1.954155	-1.904039	3.958793	-2.174952	4.647470	-1.659541	4.915622	-0.779542	4.063486	-1.047696	4.578910	-1.057455	5.185148	-0.642501	6.318048	-0.301678	6.670039	-0.833849	7.441099	-1.093662	7.436931	0.193464	8.150555	-0.333649	8.575006	-2.466815	6.635203	-1.969566	8.115654	-3.406954	5.840474	-3.517403	7.311370	-3.780013	7.480336	-5.763471	6.928469	-6.102953	6.489844	-6.017702	6.577864	-5.912883	5.453341	-6.559714	7.955141	-6.730138	7.779154	-6.783143	5.699201	-6.826481	8.383992	-7.420187	7.594794	-7.751164	6.636433	-7.570935	6.206203	-6.848742	4.398626	
1.280752	-0.068697	13.982521	-1.943013	11.968800	-6.903377	23.376886	-13.213563	35.339925	-2.312755	29.814706	-13.826654	42.593506	-9.336030	44.689833	-6.446146	53.279598	-7.735116	56.896606	-10.531047	58.336281	-11.222630	56.227166	-13.400096	47.719835	-17.107657	39.314510	-27.239767	50.068702	-29.922839	50.875451	-35.621858	48.814257	-40.653938	35.285863	-43.014936	21.995875	-16.093608	15.838947	-32.617314	18.072102	-38.294093	13.823573	-40.504461	6.569741	-33.480316	8.780138	-37.728949	8.860577	-42.726165	5.440118	-52.064635	2.630722	-54.966095	7.017396	-61.321935	9.159037	-61.287580	-1.450729	-67.169977	2.894257	-70.668716	20.477903	-54.678931	16.379097	-66.882275	28.227446	-48.128000	29.137870	-60.252584	31.302554	-61.645373	47.652208	-57.096363	50.450561	-53.480772	49.747832	-54.206323	48.883805	-44.936882	54.215638	-65.559219	55.620448	-64.108562	56.057363	-46.963506	56.414600	-69.094243	61.308518	-62.588882	64.036765	-54.689114	62.551136	-51.142727	56.598097	-36.242892	
-0.173802	0.010725	-2.016685	0.283016	-1.724208	1.002399	-3.379740	1.925476	-5.122156	0.338188	-4.317510	2.015280	-6.178675	1.361234	-6.484007	0.940329	-7.735116	1.128201	-8.261911	1.535311	-8.471586	1.636032	-8.164388	1.953178	-6.925293	2.493141	-5.701138	3.968722	-7.267412	4.359527	-7.384937	5.189555	-7.084735	5.922460	-5.114367	6.266335	-3.178697	2.345252	-2.281973	4.751952	-2.607223	5.578756	-1.988437	5.900690	-0.931938	4.877643	-1.253876	5.496445	-1.265591	6.224276	-0.767411	7.584398	-0.358231	8.006987	-0.997137	8.932698	-1.309061	8.927694	0.236221	9.784448	-0.396614	10.294030	-2.957624	7.965164	-2.360643	9.742547	-4.086325	7.011038	-4.218926	8.776950	-4.534207	8.979805	-6.915485	8.317252	-7.323057	7.790652	-7.220707	7.896326	-7.094865	6.546259	-7.871430	9.549842	-8.076036	9.338558	-8.139672	6.841431	-8.191702	10.064708	-8.904487	9.117221	-9.301848	7.966643	-9.085471	7.450122	-8.218428	5.280002	
1.358358	-0.072854	14.919621	-2.073948	12.769717	-7.370197	24.952175	-14.114370	37.731978	-2.469302	31.829569	-14.769470	45.480900	-9.972178	47.720377	-6.884951	56.896606	-8.261911	60.761415	-11.249146	62.298995	-11.987750	60.045679	-14.313809	50.957288	-18.274516	41.978038	-29.098393	53.466492	-31.964673	54.328338	-38.052805	52.126412	-43.428468	37.674314	-45.950672	23.476887	-17.191153	16.899571	-34.843102	19.285205	-40.907490	14.746588	-43.268781	6.997466	-35.765029	9.358789	-40.303758	9.444720	-45.642182	5.790712	-55.618280	2.789493	-58.717850	7.475687	-65.507665	9.763558	-65.470964	-1.570639	-71.755009	3.071021	-75.492641	21.855274	-58.411080	17.476602	-71.447664	30.133954	-51.412852	31.106540	-64.365293	33.419028	-65.853179	50.885019	-60.993565	53.874440	-57.131105	53.123729	-57.906196	52.200708	-48.003847	57.896593	-70.034255	59.397322	-68.484548	59.864069	-50.168847	60.245697	-73.810647	65.473767	-66.861107	68.388296	-58.421952	66.801230	-54.633421	60.441723	-38.716240	
-0.233789	0.013939	-2.741033	0.384224	-2.343290	1.363235	-4.597387	2.621770	-6.971134	0.459194	-5.874934	2.744047	-8.410557	1.852964	-8.826543	1.279514	-10.531047	1.535311	-11.249146	2.090560	-11.534570	2.227446	-11.115945	2.659465	-9.427743	3.395094	-7.759974	5.405389	-9.893819	5.937810	-10.053933	7.068615	-9.644948	8.067103	-6.960574	8.535587	-4.323468	3.193616	-3.101793	6.472426	-3.544906	7.598845	-2.701887	8.037441	-1.262538	6.643666	-1.701138	7.486706	-1.717099	8.478285	-1.038391	10.331283	-0.480933	10.907008	-1.351364	12.168174	-1.776321	12.161356	0.328934	13.328578	-0.533225	14.022820	-4.022284	10.850030	-3.208971	13.271492	-5.559998	9.550151	-5.740650	11.955980	-6.170180	12.232344	-9.414366	11.329699	-9.969630	10.612274	-9.830191	10.756242	-9.658748	8.916949	-10.716718	13.008944	-10.995468	12.721097	-11.082163	9.319083	-11.153047	13.710383	-12.124125	12.419554	-12.665479	10.852039	-12.370692	10.148346	-11.189457	7.191837	
1.389244	-0.074509	15.292563	-2.126056	13.088462	-7.555979	25.579101	-14.472873	38.683921	-2.531596	32.631437	-15.144687	46.630016	-10.225351	48.926466	-7.059578	58.336281	-8.471586	62.298995	-11.534570	63.879148	-12.294689	61.565484	-14.677469	52.245718	-18.738904	43.038059	-29.838087	54.818733	-32.777281	55.702506	-39.020271	53.444571	-44.532672	38.624862	-47.119032	24.066293	-17.627953	17.321672	-35.728917	19.767989	-41.947565	15.113923	-44.368921	7.167687	-36.674296	9.589075	-41.328476	9.677192	-46.802694	5.930237	-57.032554	2.852676	-60.210967	7.658073	-67.173495	10.004140	-67.135860	-1.618365	-73.579752	3.141365	-77.412459	22.403434	-59.896394	17.913381	-73.264590	30.892698	-52.720152	31.890024	-66.002060	34.261334	-67.527794	52.171601	-62.544566	55.237063	-58.583858	54.467257	-59.378664	53.520758	-49.224433	59.361527	-71.815221	60.900429	-70.226095	61.379048	-51.444503	61.770384	-75.687671	67.131439	-68.561358	70.120103	-59.907539	68.492667	-56.022641	61.971396	-39.700579	
-0.248624	0.014733	-2.920166	0.409253	-2.496392	1.452471	-4.898518	2.793974	-7.428348	0.489108	-6.260095	2.924279	-8.962513	1.974587	-9.405869	1.363401	-11.222630	1.636032	-11.987750	2.227446	-12.294689	2.376154	-11.845995	2.834159	-10.046613	3.618163	-8.269136	5.760693	-10.543341	6.328137	-10.713988	7.533323	-10.278100	8.597491	-7.417152	9.096791	-4.606578	3.403430	-3.304541	6.897915	-3.776803	8.098429	-2.878330	8.565876	-1.344300	7.080419	-1.811752	7.978914	-1.828763	9.035719	-1.105409	11.010606	-0.511282	11.624203	-1.438969	12.968327	-1.891881	12.961062	0.351858	14.205063	-0.567014	14.944972	-4.285583	11.563476	-3.418769	14.144222	-5.924447	10.178091	-6.116983	12.742174	-6.574766	13.036717	-10.032352	12.074696	-10.624141	11.310080	-10.475529	11.463518	-10.292809	9.503238	-11.420370	13.864401	-11.717456	13.557619	-11.809854	9.931824	-11.885401	14.611979	-12.920356	13.236241	-13.497319	11.565617	-13.183142	10.815635	-11.924206	7.664650	
1.343997	-0.072085	14.746210	-2.049718	12.621507	-7.283811	24.660663	-13.947665	37.289386	-2.440347	31.456710	-14.594967	44.946589	-9.854446	47.159568	-6.803739	56.227166	-8.164388	60.045679	-11.115945	61.565484	-11.845995	59.339433	-14.144803	50.358225	-18.058569	41.485147	-28.754439	52.837711	-31.586819	53.689367	-37.602938	51.513485	-42.915017	37.232328	-45.407388	23.202821	-16.988038	16.703302	-34.431193	19.060719	-40.423853	14.575783	-42.757216	6.918316	-35.342216	9.251710	-39.827262	9.336624	-45.102545	5.725835	-54.960649	2.760113	-58.023558	7.390880	-64.733066	9.651692	-64.696799	-1.548449	-70.906518	3.038311	-74.599943	21.600391	-57.720417	17.273508	-70.602809	29.781153	-50.804962	30.742236	-63.604202	33.027372	-65.074489	50.286775	-60.272353	53.240838	-56.455579	52.499006	-57.221502	51.586903	-47.436278	57.215417	-69.206111	58.698395	-67.674734	59.159621	-49.575670	59.536735	-72.937834	64.702968	-66.070494	67.583024	-57.731157	66.014729	-53.987437	59.730443	-38.258524	
-0.295346	0.017236	-3.484329	0.488079	-2.978568	1.733511	-5.846889	3.336284	-8.868458	0.583359	-7.473097	3.491872	-10.700789	2.357555	-11.230324	1.627569	-13.400096	1.953178	-14.313809	2.659465	-14.677469	2.834159	-14.144803	3.384416	-11.995641	4.320634	-9.872636	6.879621	-12.588865	7.557359	-12.792684	8.996790	-12.272075	10.267795	-8.855055	10.864141	-5.498196	4.064182	-3.943085	8.237872	-4.507139	9.671729	-3.434032	10.230032	-1.601836	8.455849	-2.160145	9.528983	-2.180462	10.791198	-1.316511	13.149940	-0.606905	13.882801	-1.714905	15.488180	-2.255848	15.479503	0.424002	16.965298	-0.673469	17.849022	-5.114810	13.810271	-4.079515	16.892632	-7.072218	12.155611	-7.302175	15.218066	-7.848937	15.569857	-11.978561	14.420852	-12.685373	13.507620	-12.507877	13.690881	-12.289642	11.349589	-13.636363	16.558414	-13.991193	16.192004	-14.101550	11.861477	-14.191781	17.451296	-15.427895	15.808161	-16.117000	13.812824	-15.741758	12.917072	-14.238128	9.153641	
1.161475	-0.062307	12.542239	-1.741773	10.737825	-6.185895	20.955719	-11.829016	31.663708	-2.072213	26.717941	-12.377485	38.155773	-8.358211	40.032042	-5.771683	47.719835	-6.925293	50.957288	-9.427743	52.245718	-10.046613	50.358225	-11.995641	42.744249	-15.314165	35.220833	-24.383130	44.846546	-26.784647	45.568627	-31.885641	43.723723	-36.389676	31.614944	-38.502920	19.719581	-14.406663	14.208733	-29.196396	16.207548	-34.277472	12.404847	-36.255890	5.912211	-29.968838	7.890655	-33.771632	7.962653	-38.244454	4.901127	-46.602972	2.386541	-49.199961	6.312890	-54.888838	8.229793	-54.858088	-1.266615	-60.123203	2.622421	-63.254795	18.360888	-48.942931	14.692202	-59.865691	25.297216	-43.079436	26.112103	-53.931709	28.049633	-55.178345	42.683615	-51.106696	45.188319	-47.870511	44.559332	-48.519925	43.785972	-40.223184	48.558304	-58.681492	49.815698	-57.383060	50.206764	-42.037142	50.526514	-61.845563	54.906884	-56.022850	57.348839	-48.952054	56.019106	-45.777812	50.690758	-32.441510	
-0.374892	0.021498	-4.444859	0.622288	-3.799510	2.212003	-7.461554	4.259587	-11.320467	0.743857	-9.538338	4.458221	-13.660482	3.009624	-14.336737	2.077353	-17.107657	2.493141	-18.274516	3.395094	-18.738904	3.618163	-18.058569	4.320634	-15.314165	5.516764	-12.602832	8.784743	-16.071760	9.650305	-16.332063	11.488613	-15.667186	13.111828	-11.303272	13.873429	-7.016201	5.189124	-5.030140	10.519388	-5.750502	12.350585	-4.380023	13.063600	-2.040104	10.797770	-2.753127	12.168282	-2.779075	13.780271	-1.675713	16.792649	-0.769466	17.728593	-2.184507	19.778842	-2.875351	19.767760	0.547117	21.665287	-0.854476	22.793901	-6.526564	17.635963	-5.204378	21.572484	-9.026391	15.522779	-9.320073	19.433874	-10.018348	19.883150	-15.292336	18.415743	-16.195014	17.249445	-15.968332	17.483489	-15.689621	14.493400	-17.409534	21.145647	-17.862690	20.677702	-18.003629	15.147138	-18.118863	22.285957	-19.697519	20.187491	-20.577583	17.639225	-20.098356	16.495249	-18.178054	11.688931	
0.981133	-0.052646	10.364609	-1.437508	8.876658	-5.101101	17.295089	-9.735781	26.104747	-1.708352	22.035801	-10.186743	31.445940	-6.879988	32.989593	-4.751997	39.314510	-5.701138	41.978038	-7.759974	43.038059	-8.269136	41.485147	-9.872636	35.220833	-12.602832	29.031414	-20.064145	36.950696	-22.039888	37.544762	-26.236602	36.026922	-29.942173	26.064753	-31.680785	16.278097	-11.856300	11.744220	-24.024066	13.388693	-28.204394	10.260116	-29.832091	4.918460	-24.659573	6.546176	-27.788228	6.605410	-31.468133	4.086615	-38.344899	2.017801	-40.481507	5.248108	-45.161891	6.825193	-45.136592	-0.987743	-49.468336	2.211866	-52.044776	15.160307	-40.270044	12.141981	-49.256477	20.867002	-35.445997	21.537429	-44.374422	23.131482	-45.400057	35.171203	-42.050207	37.231881	-39.387723	36.714399	-39.922011	36.078138	-33.096089	40.004446	-48.282168	41.038934	-47.213919	41.360673	-34.588473	41.623739	-50.885324	45.227571	-46.094842	47.236624	-40.277534	46.142622	-37.666010	41.758863	-26.693924	
-0.592296	0.033144	-7.070012	0.989082	-6.043165	3.519732	-11.874480	6.783018	-18.021797	1.182484	-15.182740	7.098820	-21.748994	4.791337	-22.826169	3.306410	-27.239767	3.968722	-29.098393	5.405389	-29.838087	5.760693	-28.754439	6.879621	-24.383130	8.784743	-20.064145	13.991286	-25.590248	15.369958	-26.004782	18.298441	-24.945628	20.884198	-17.994006	22.097407	-11.164921	8.263603	-8.001139	16.754555	-9.148654	19.671588	-6.965531	20.807393	-3.238123	17.198010	-4.373944	19.381186	-4.415278	21.949023	-2.657662	26.747630	-1.214044	28.238555	-3.468152	31.504527	-4.568642	31.486873	0.883224	34.509564	-1.349462	36.307404	-10.384881	28.090995	-8.278696	34.361727	-14.367012	24.724775	-14.834836	30.955041	-15.947168	31.670732	-24.348505	29.333206	-25.786450	27.475320	-25.425350	27.848147	-24.981366	23.085006	-27.721151	33.681880	-28.443018	32.936453	-28.667528	24.126395	-28.851096	35.498366	-31.365857	32.155560	-32.767778	28.096231	-32.004381	26.273906	-28.945388	18.617564	
1.211867	-0.065007	13.150725	-1.826792	11.257884	-6.489015	21.978572	-12.413856	33.217343	-2.173964	28.026435	-12.989584	40.030993	-8.771220	42.000201	-6.056595	50.068702	-7.267412	53.466492	-9.893819	54.818733	-10.543341	52.837711	-12.588865	44.846546	-16.071760	36.950696	-25.590248	47.054195	-28.110970	47.811931	-33.465114	45.875463	-38.192596	33.165996	-40.410681	20.680933	-15.119114	14.896603	-30.642684	16.994557	-35.975741	13.003275	-38.052258	6.188662	-31.453434	8.265219	-35.444809	8.340789	-40.139436	5.127441	-48.912454	2.488157	-51.638228	6.609214	-57.609217	8.621177	-57.576942	-1.346159	-63.103155	2.735734	-66.390043	19.254646	-51.368439	15.404056	-62.832859	26.534940	-45.214184	27.390243	-56.604737	29.423870	-57.913225	44.783763	-53.639661	47.412716	-50.242941	46.752528	-50.924572	45.940799	-42.216264	50.949871	-61.590212	52.269640	-60.227371	52.680103	-44.120207	53.015717	-64.911240	57.613378	-58.799687	60.176468	-51.378138	58.780770	-48.046436	53.188118	-34.048595	
-0.649856	0.036228	-7.765051	1.086195	-6.637198	3.865968	-13.042839	7.451083	-19.796233	1.298660	-16.677227	7.798166	-23.890832	5.263243	-25.074187	3.631935	-29.922839	4.359527	-31.964673	5.937810	-32.777281	6.328137	-31.586819	7.557359	-26.784647	9.650305	-22.039888	15.369958	-28.110970	16.884924	-28.566412	20.102159	-27.402800	22.942917	-19.765606	24.275781	-12.263207	9.077519	-8.787322	18.406059	-10.048008	21.610759	-7.649596	22.858563	-3.554614	18.893248	-4.802442	21.291714	-4.847853	24.112773	-2.916913	29.384584	-1.330936	31.022534	-3.807329	34.610572	-5.016341	34.591178	0.973150	37.911946	-1.479708	39.887076	-11.406128	30.860415	-9.092255	37.749523	-15.780941	27.162245	-16.294901	34.006917	-17.516925	34.793192	-26.746787	32.225163	-28.326542	30.184053	-27.929831	30.593648	-27.442062	25.360767	-30.452043	37.002703	-31.245101	36.183762	-31.491753	26.504859	-31.693424	38.998331	-34.456190	35.325857	-35.996367	30.866198	-35.157684	28.864156	-31.797015	20.452751	
1.229171	-0.065934	13.359674	-1.855987	11.436468	-6.593103	22.329812	-12.614685	33.750835	-2.208902	28.475738	-13.199884	40.674975	-8.913145	42.676114	-6.154495	50.875451	-7.384937	54.328338	-10.053933	55.702506	-10.713988	53.689367	-12.792684	45.568627	-16.332063	37.544762	-26.004782	47.811931	-28.566412	48.582433	-34.007371	46.614379	-38.811583	33.698648	-41.065671	21.011082	-15.363782	15.132883	-31.139241	17.264871	-36.558809	13.208844	-38.669008	6.283685	-31.963142	8.393927	-36.019264	8.470724	-40.790044	5.205250	-49.705378	2.523152	-52.475369	6.711060	-58.543218	8.755660	-58.510420	-1.373365	-64.126278	2.774745	-67.466485	19.561612	-52.201201	15.648569	-63.851593	26.960007	-45.947117	27.829187	-57.522501	29.895811	-58.852227	45.504960	-54.509332	48.176572	-51.057491	47.505671	-51.750183	46.680767	-42.900557	51.771126	-62.588897	53.112311	-61.203941	53.529431	-44.835407	53.870494	-65.963815	58.542763	-59.753089	61.147445	-52.211109	59.729098	-48.825343	54.045760	-34.600293	
-0.772129	0.042778	-9.241502	1.292489	-7.899085	4.601468	-15.524763	8.870275	-23.565442	1.545408	-19.851868	9.283489	-28.440349	6.265477	-29.849221	4.323291	-35.621858	5.189555	-38.052805	7.068615	-39.020271	7.533323	-37.602938	8.996790	-31.885641	11.488613	-26.236602	18.298441	-33.465114	20.102159	-34.007371	23.932923	-32.621895	27.315176	-23.528770	28.902139	-14.596388	10.806576	-10.457812	21.913558	-11.958819	25.729142	-9.103221	27.214796	-4.227652	22.493617	-5.713341	25.349277	-5.767409	28.708083	-3.468394	34.984803	-1.580099	36.934978	-4.528541	41.206967	-5.968015	41.183876	1.163191	45.137647	-1.757230	47.489275	-13.575801	36.741948	-10.820876	44.944254	-18.784536	32.338844	-19.396469	40.488311	-20.851443	41.424484	-31.840822	38.366939	-33.721733	35.936722	-33.249394	36.424402	-32.668637	30.193953	-36.252426	44.055241	-37.196668	43.080182	-37.490338	31.556152	-37.730456	46.431304	-41.019899	42.058731	-42.853688	36.748910	-41.855121	34.365211	-37.853816	24.350300	
1.184948	-0.063565	12.825681	-1.781376	10.980077	-6.327093	21.432166	-12.101402	32.387611	-2.119659	27.327554	-12.662674	39.029531	-8.550659	40.949106	-5.904446	48.814257	-7.084735	52.126412	-9.644948	53.444571	-10.278100	51.513485	-12.272075	43.723723	-15.667186	36.026922	-24.945628	45.875463	-27.402800	46.614379	-32.621895	44.726832	-37.230239	32.337628	-39.392411	20.167235	-14.738429	14.528721	-29.870644	16.573792	-35.069271	12.683115	-37.093447	6.040272	-30.660955	8.064486	-34.551723	8.138152	-39.128017	5.005799	-47.679906	2.433040	-50.336975	6.450223	-56.157461	8.411473	-56.125999	-1.304630	-61.512920	2.674377	-64.716959	18.776909	-50.073986	15.023384	-61.249436	25.873704	-44.074860	26.707447	-55.178336	28.689820	-56.453850	43.662593	-52.287985	46.225283	-48.976878	45.581735	-49.641327	44.790468	-41.152512	49.673289	-60.038146	50.959794	-58.709654	51.359913	-43.008467	51.687066	-63.275470	56.168848	-57.317953	58.667338	-50.083458	57.306818	-46.835729	51.855152	-33.190617	
-0.880090	0.048561	-10.545140	1.474637	-9.013274	5.250880	-17.716187	10.123350	-26.893512	1.763282	-22.654938	10.595010	-32.457426	7.150447	-34.065426	4.933754	-40.653938	5.922460	-43.428468	8.067103	-44.532672	8.597491	-42.915017	10.267795	-36.389676	13.111828	-29.942173	20.884198	-38.192596	22.942917	-38.811583	27.315176	-37.230239	31.175800	-26.851512	32.987082	-16.656466	12.333243	-11.932736	25.010569	-13.645945	29.365557	-10.386655	31.061230	-4.821833	25.672629	-6.517551	28.931989	-6.579264	32.765620	-3.955242	39.929671	-1.800002	42.155539	-5.165260	47.031452	-6.808230	47.005096	1.331103	51.517805	-2.002173	54.201879	-15.491496	41.935212	-12.347132	51.297066	-21.436583	36.909662	-22.135022	46.211265	-23.795691	47.279802	-36.338725	43.790004	-38.485552	41.016210	-37.946436	41.572836	-37.283576	34.461546	-41.374028	50.282500	-42.451764	49.169590	-42.786955	36.016329	-43.061017	52.994483	-46.815512	48.003730	-48.908556	41.943221	-47.768815	39.222522	-43.201872	27.791653	
0.894702	-0.048016	9.320950	-1.291685	7.984667	-4.581198	15.540697	-8.732611	23.440342	-1.533918	19.791720	-9.136737	28.229910	-6.171468	29.614140	-4.263251	35.285863	-5.114367	37.674314	-6.960574	38.624862	-7.417152	37.232328	-8.855055	31.614944	-11.303272	26.064753	-17.994006	33.165996	-19.765606	33.698648	-23.528770	32.337628	-26.851512	23.404740	-28.410438	14.628877	-10.634104	10.563484	-21.544602	12.038077	-25.293110	9.232676	-26.752678	4.442800	-22.114464	5.902378	-24.919938	5.955491	-28.219723	3.696880	-34.386139	1.841769	-36.302042	4.738395	-40.498957	6.152572	-40.476271	-0.853312	-44.360560	2.015787	-46.670862	13.626715	-36.112431	10.920153	-44.170595	18.743932	-31.786687	19.345100	-39.792728	20.774478	-40.712389	31.570330	-37.708559	33.418102	-35.321155	32.954085	-35.800242	32.383555	-29.679570	35.904210	-43.296643	36.831816	-42.338764	37.120316	-31.017751	37.356200	-45.630845	40.587690	-41.335309	42.389171	-36.119035	41.408203	-33.777326	37.477359	-23.938847	
-0.930744	0.051275	-11.156787	1.560098	-9.536034	5.555575	-18.744367	10.711270	-28.455004	1.865509	-23.970108	11.210367	-34.342193	7.565670	-36.043623	5.220182	-43.014936	6.266335	-45.950672	8.535587	-47.119032	9.096791	-45.407388	10.864141	-38.502920	13.873429	-31.680785	22.097407	-40.410681	24.275781	-41.065671	28.902139	-39.392411	32.987082	-28.410438	34.903806	-17.623003	13.049523	-12.624693	26.463763	-14.437464	31.071832	-10.988769	32.866038	-5.100569	27.164299	-6.894827	30.613064	-6.960127	34.669472	-4.183620	42.249829	-1.903138	44.605043	-5.463953	49.764298	-7.202397	49.736411	1.409917	54.511355	-2.117058	57.351402	-16.390257	44.371916	-13.063167	54.277785	-22.680798	39.054308	-23.419846	48.896501	-25.177025	50.027142	-38.449062	46.334576	-40.720682	43.399552	-40.150228	43.988533	-39.448845	36.463871	-43.777058	53.204467	-44.917441	52.026867	-45.272112	38.109046	-45.562108	56.074093	-49.534845	50.793237	-51.749553	44.380444	-50.543556	41.501601	-45.711145	29.406315	
0.609576	-0.032741	5.878039	-0.810631	5.042093	-2.866099	9.753151	-5.423258	14.650818	-0.958490	12.388807	-5.672933	17.620645	-3.834157	18.478957	-2.650951	21.995875	-3.178697	23.476887	-4.323468	24.066293	-4.606578	23.202821	-5.498196	19.719581	-7.016201	16.278097	-11.164921	20.680933	-12.263207	21.011082	-14.596388	20.167235	-16.656466	14.628877	-17.623003	9.188286	-6.602210	6.667520	-13.366273	7.581763	-15.690317	5.842457	-16.595225	2.872795	-13.719600	3.777714	-15.458954	3.810643	-17.504770	2.410335	-21.327855	1.260195	-22.515687	3.056063	-25.117714	3.932832	-25.103650	-0.410717	-27.511853	1.368083	-28.944207	8.566675	-22.398118	6.888663	-27.394066	11.739264	-19.716234	12.111975	-24.679885	12.998169	-25.250077	19.691515	-23.387771	20.837124	-21.907594	20.549436	-22.204625	20.195708	-18.409841	22.378497	-26.852353	22.953607	-26.258473	23.132473	-19.239511	23.278723	-28.299545	25.282228	-25.636336	26.399136	-22.402276	25.790940	-20.950431	23.353838	-14.850651	
-0.353170	0.020334	-4.182562	0.585638	-3.575330	2.081337	-7.020672	4.007602	-10.650238	0.699871	-8.974123	4.193676	-12.851195	2.831009	-13.487276	1.954155	-16.093608	2.345252	-17.191153	3.193616	-17.627953	3.403430	-16.988038	4.064182	-14.406663	5.189124	-11.856300	8.263603	-15.119114	9.077519	-15.363782	10.806576	-14.738429	12.333243	-10.634104	13.049523	-6.602210	4.882536	-4.734202	9.895022	-5.411711	11.617283	-4.122775	12.287879	-1.922065	10.156857	-2.592668	11.445830	-2.617070	12.961911	-1.579352	15.795067	-0.727023	16.675328	-2.057877	18.603598	-2.707620	18.593175	0.511231	20.377810	-0.806975	21.439277	-6.141597	16.588205	-4.898082	20.290524	-8.492695	14.600753	-8.768901	18.279173	-9.425633	18.701728	-14.385885	17.321630	-15.234865	16.224711	-15.021667	16.444833	-14.759529	13.632622	-16.377134	19.889136	-16.803332	19.449028	-16.935885	14.247468	-17.044266	20.961610	-18.529009	18.987979	-19.356719	16.591306	-18.906001	15.515384	-17.099935	10.995004	
0.477480	-0.025665	4.282973	-0.587763	3.678829	-2.071511	7.071833	-3.890046	10.578816	-0.691924	8.959177	-4.068249	12.705615	-2.751374	13.320285	-1.904039	15.838947	-2.281973	16.899571	-3.101793	17.321672	-3.304541	16.703302	-3.943085	14.208733	-5.030140	11.744220	-8.001139	14.896603	-8.787322	15.132883	-10.457812	14.528721	-11.932736	10.563484	-12.624693	6.667520	-4.734202	4.863299	-9.576863	5.517803	-11.240838	4.272495	-11.888761	2.146268	-9.829836	2.794176	-11.075195	2.817751	-12.539986	1.815149	-15.277276	0.991658	-16.127750	2.277478	-17.990771	2.905235	-17.980700	-0.204694	-19.704946	1.068906	-20.730494	6.223059	-16.043593	5.021578	-19.620640	8.494606	-14.123393	8.761445	-17.677218	9.395937	-18.085448	14.188136	-16.752065	15.008346	-15.692317	14.802373	-15.904979	14.549112	-13.188073	16.111905	-19.232564	16.523661	-18.807370	16.651721	-13.782075	16.756430	-20.268693	18.190857	-18.361946	18.990518	-16.046491	18.555076	-15.007028	16.810188	-10.639857	
-0.707668	0.039325	-8.463143	1.183734	-7.233841	4.213726	-14.216337	8.122100	-21.578383	1.415328	-18.178335	8.500424	-26.041872	5.737059	-27.331842	3.958793	-32.617314	4.751952	-34.843102	6.472426	-35.728917	6.897915	-34.431193	8.237872	-29.196396	10.519388	-24.024066	16.754555	-30.642684	18.406059	-31.139241	21.913558	-29.870644	25.010569	-21.544602	26.463763	-13.366273	9.895022	-9.576863	20.065361	-10.951176	23.558764	-8.336654	24.918983	-3.872690	20.596397	-5.232951	23.210969	-5.282457	26.286210	-3.177534	32.033055	-1.448647	33.818597	-4.148175	37.729938	-5.466126	37.708795	1.063052	41.328783	-1.610824	43.481885	-12.431604	33.641876	-9.909300	41.151707	-17.200640	29.610466	-17.760963	37.072358	-19.093174	37.929567	-29.155438	35.130044	-30.877679	32.904841	-30.445187	33.351381	-29.913430	27.646513	-33.194888	40.338491	-34.059475	39.445687	-34.328369	28.893817	-34.548233	42.514113	-37.560186	38.510403	-39.239278	33.648509	-38.324944	31.465900	-34.661223	22.295807	
0.525391	-0.028232	4.861506	-0.668598	4.173287	-2.359709	8.044350	-4.446142	12.055750	-0.788611	10.203115	-4.650277	14.488323	-3.144112	15.191364	-2.174952	18.072102	-2.607223	19.285205	-3.544906	19.767989	-3.776803	19.060719	-4.507139	16.207548	-5.750502	13.388693	-9.148654	16.994557	-10.048008	17.264871	-11.958819	16.573792	-13.645945	12.038077	-14.437464	7.581763	-5.411711	5.517803	-10.951176	6.266578	-12.854549	4.842064	-13.595674	2.409921	-11.240534	3.151048	-12.665066	3.178019	-14.340591	2.031168	-17.471692	1.089204	-18.444524	2.560017	-20.575581	3.278091	-20.564063	-0.279270	-22.536378	1.177565	-23.709474	7.073221	-18.348233	5.698913	-22.439918	9.671562	-16.151778	9.976799	-20.216864	10.702569	-20.683827	16.184203	-19.158633	17.122415	-17.946419	16.886809	-18.189677	16.597114	-15.081890	18.384744	-21.996000	18.855738	-21.509634	19.002223	-15.761353	19.121996	-23.181197	20.762794	-21.000126	21.677502	-18.351548	21.179412	-17.162538	19.183497	-12.167052	
