0.095841	0.017785	0.069904	0.009049	0.088102	-0.006808	0.086889	-0.007270	0.090217	-0.004582	0.087318	-0.009757	0.087953	-0.010021	0.083998	-0.010352	0.084766	-0.012045	0.089486	-0.012923	0.092692	-0.009472	0.091876	-0.015434	0.094821	-0.012591	0.095340	-0.013408	0.103218	-0.014152	0.104914	-0.013086	0.105446	-0.012841	0.104915	-0.019903	0.105990	-0.019508	0.106407	-0.007814	0.109915	-0.010425	0.107247	-0.005435	0.112610	-0.014097	0.112682	-0.016366	0.109435	-0.003089	0.112465	-0.004633	0.110190	0.000222	0.117833	-0.003428	0.111607	0.007666	0.116925	0.007945	0.117848	0.009352	0.118487	0.008695	0.116445	0.011560	0.110453	0.012860	0.112103	0.013887	0.108294	0.017453	0.103908	0.013222	0.101368	0.014826	0.099364	0.021060	0.098083	0.019218	0.100298	0.014106	
0.017785	0.004758	0.012835	0.003091	0.016308	0.000064	0.016077	-0.000024	0.016712	0.000489	0.016159	-0.000498	0.016280	-0.000549	0.015525	-0.000612	0.015671	-0.000935	0.016572	-0.001103	0.017184	-0.000444	0.017028	-0.001582	0.017591	-0.001039	0.017690	-0.001195	0.019193	-0.001337	0.019517	-0.001134	0.019619	-0.001087	0.019517	-0.002435	0.019722	-0.002359	0.019802	-0.000127	0.020471	-0.000626	0.019962	0.000327	0.020986	-0.001327	0.021000	-0.001760	0.020380	0.000774	0.020958	0.000480	0.020524	0.001406	0.021983	0.000710	0.020794	0.002827	0.021809	0.002880	0.021986	0.003149	0.022108	0.003023	0.021718	0.003570	0.020574	0.003818	0.020889	0.004014	0.020162	0.004695	0.019325	0.003887	0.018840	0.004194	0.018458	0.005383	0.018213	0.005032	0.018636	0.004056	
0.069904	0.012835	0.243564	0.061562	0.192879	0.101949	0.205692	0.106899	0.169385	0.078103	0.201122	0.132876	0.194475	0.135752	0.235772	0.139037	0.227370	0.156274	0.179418	0.164098	0.148620	0.130812	0.156581	0.187667	0.128687	0.161116	0.123693	0.168772	0.065313	0.176520	0.055235	0.170046	0.052231	0.168640	0.055247	0.211108	0.049082	0.208078	0.047118	0.140875	0.027802	0.155382	0.042256	0.128056	0.012955	0.175483	0.012543	0.187890	0.030250	0.115483	0.014085	0.123830	0.025894	0.098146	-0.014160	0.117396	0.017691	0.061090	-0.007918	0.059818	-0.012212	0.053051	-0.015311	0.056187	-0.005288	0.042614	0.022986	0.036317	0.015386	0.031987	0.031536	0.017602	0.048202	0.033636	0.056853	0.026601	0.063377	0.005146	0.066337	0.010742	0.060447	0.028137	
0.009049	0.003091	0.061562	0.491338	0.278953	0.244064	0.315427	0.258218	0.211400	0.175999	0.302403	0.331954	0.283529	0.340185	0.400740	0.349401	0.376637	0.398035	0.241432	0.419349	0.155733	0.326658	0.177949	0.484713	0.100600	0.411153	0.086741	0.432357	-0.072484	0.453856	-0.099691	0.436362	-0.107813	0.432565	-0.099656	0.547135	-0.116286	0.538937	-0.121642	0.357428	-0.173994	0.396688	-0.134739	0.322590	-0.214183	0.451155	-0.215290	0.484773	-0.167266	0.288353	-0.211362	0.311032	-0.178825	0.240776	-0.288731	0.293471	-0.200328	0.136811	-0.273374	0.133075	-0.285833	0.113756	-0.294627	0.122748	-0.266363	0.083664	-0.184708	0.065857	-0.207050	0.052263	-0.156476	0.005355	-0.099248	0.060483	-0.066182	0.039586	-0.040024	-0.041695	-0.022499	-0.017335	-0.052230	0.049150	
0.088102	0.016308	0.192879	0.278953	0.350329	0.154876	0.378840	0.165948	0.297869	0.101756	0.368661	0.223733	0.353869	0.230167	0.445745	0.237416	0.426927	0.275619	0.320686	0.292581	0.253075	0.219448	0.270600	0.344105	0.209536	0.286127	0.198574	0.302855	0.077349	0.320116	0.057711	0.307411	0.051952	0.304704	0.057745	0.387769	0.045871	0.381440	0.042355	0.251867	0.005609	0.279530	0.032963	0.227649	-0.022623	0.317682	-0.023412	0.341220	0.010158	0.203923	-0.020319	0.219705	0.001811	0.171385	-0.073387	0.207571	-0.013838	0.102522	-0.061152	0.100189	-0.069036	0.087689	-0.074763	0.093476	-0.056206	0.068454	-0.004086	0.056850	-0.018088	0.048898	0.011628	0.022394	0.042422	0.052011	0.058744	0.039377	0.071235	-0.001123	0.077968	0.009974	0.065569	0.042781	
-0.006808	0.000064	0.101949	0.244064	0.154876	0.268033	0.182165	0.278620	0.103336	0.216817	0.172427	0.333471	0.158379	0.339617	0.245574	0.346452	0.227557	0.382542	0.127274	0.398103	0.063958	0.329658	0.080359	0.446526	0.023202	0.391994	0.013000	0.407688	-0.113138	0.423050	-0.136642	0.408073	-0.143828	0.404735	-0.136630	0.503104	-0.151221	0.496732	-0.156419	0.337538	-0.203313	0.372556	-0.167854	0.305976	-0.239304	0.421488	-0.240279	0.451707	-0.197041	0.274868	-0.237196	0.295393	-0.207131	0.231104	-0.308174	0.279398	-0.225868	0.132933	-0.296000	0.129264	-0.308161	0.110703	-0.316578	0.119370	-0.289682	0.081554	-0.210548	0.064476	-0.232410	0.050708	-0.181365	0.002606	-0.121590	0.060221	-0.086388	0.038972	-0.058455	-0.047206	-0.039885	-0.021281	-0.071548	0.049515	
0.086889	0.016077	0.205692	0.315427	0.378840	0.182165	0.412182	0.195050	0.317444	0.120090	0.400260	0.262481	0.383008	0.270011	0.490144	0.278426	0.468096	0.322858	0.344571	0.342277	0.266393	0.257700	0.286676	0.401793	0.216150	0.334838	0.203490	0.354150	0.063512	0.374029	0.040732	0.359299	0.034036	0.356154	0.040771	0.452419	0.026983	0.445138	0.022839	0.294622	-0.019973	0.326830	0.011942	0.266353	-0.052857	0.371293	-0.053773	0.398726	-0.014631	0.238636	-0.050255	0.257058	-0.024289	0.200509	-0.112392	0.242871	-0.042356	0.119195	-0.098537	0.116401	-0.107954	0.101554	-0.114744	0.108437	-0.092784	0.078639	-0.030667	0.064877	-0.047430	0.055191	-0.011279	0.022629	0.027051	0.059501	0.047799	0.044183	0.063794	-0.007140	0.072805	0.007192	0.056486	0.048896	
-0.007270	-0.000024	0.106899	0.258218	0.165948	0.278620	0.195050	0.290164	0.110865	0.223905	0.184704	0.348589	0.169698	0.355161	0.262834	0.362452	0.243546	0.400959	0.136550	0.417476	0.069129	0.344586	0.086602	0.469004	0.025769	0.410985	0.014908	0.427682	-0.118522	0.444061	-0.143249	0.428295	-0.150801	0.424787	-0.143236	0.528295	-0.158573	0.521553	-0.164015	0.354203	-0.213272	0.390991	-0.176036	0.321063	-0.251075	0.442382	-0.252100	0.474118	-0.206691	0.288400	-0.248851	0.309953	-0.217292	0.242458	-0.323363	0.293158	-0.236970	0.139435	-0.310558	0.135586	-0.323317	0.116110	-0.332149	0.125205	-0.303926	0.085527	-0.220896	0.067608	-0.243834	0.053164	-0.190280	0.002700	-0.127568	0.063144	-0.090641	0.040848	-0.061342	-0.049547	-0.041885	-0.022362	-0.075075	0.051902	
0.090217	0.016712	0.169385	0.211400	0.297869	0.103336	0.317444	0.110865	0.265921	0.067745	0.310491	0.150963	0.300229	0.155378	0.364066	0.160498	0.351112	0.187206	0.276726	0.199632	0.228608	0.147604	0.241047	0.236410	0.197438	0.194996	0.189610	0.206955	0.103120	0.219394	0.089329	0.210458	0.085319	0.208567	0.089356	0.267064	0.081050	0.262499	0.078708	0.171944	0.053275	0.191134	0.072122	0.155286	0.033720	0.217513	0.033168	0.233784	0.056343	0.139008	0.035471	0.149864	0.050440	0.116903	-0.000667	0.141560	0.039298	0.071302	0.008556	0.069828	0.003536	0.061714	-0.000202	0.065455	0.011994	0.049361	0.045432	0.041789	0.036589	0.037079	0.054274	0.021904	0.070975	0.037952	0.079021	0.030340	0.084962	0.010076	0.087444	0.015128	0.082364	0.031299	
-0.004582	0.000489	0.078103	0.175999	0.101756	0.216817	0.120090	0.223905	0.067745	0.182748	0.113548	0.260869	0.104091	0.264968	0.162836	0.269628	0.150851	0.294111	0.082783	0.305090	0.039164	0.257978	0.050422	0.338614	0.010904	0.300817	0.003869	0.311693	-0.087270	0.322177	-0.104903	0.310985	-0.110336	0.308467	-0.104899	0.382165	-0.115910	0.377570	-0.119935	0.257528	-0.155485	0.284049	-0.128554	0.233544	-0.182775	0.321178	-0.183513	0.344111	-0.150696	0.209901	-0.181225	0.225488	-0.158335	0.176591	-0.235238	0.213332	-0.172551	0.101718	-0.226091	0.098909	-0.235384	0.084740	-0.241810	0.091358	-0.221284	0.062480	-0.160854	0.049438	-0.177551	0.038916	-0.138547	0.002151	-0.092877	0.046188	-0.065959	0.029963	-0.044582	-0.035959	-0.030274	-0.016088	-0.054604	0.038057	
0.087318	0.016159	0.201122	0.302403	0.368661	0.172427	0.400260	0.184704	0.310491	0.113548	0.389063	0.248568	0.372634	0.255760	0.474281	0.263760	0.453400	0.305962	0.336061	0.324516	0.261651	0.244016	0.280952	0.381184	0.213798	0.317429	0.201743	0.335820	0.068454	0.354766	0.046796	0.340759	0.040435	0.337770	0.046833	0.429322	0.033729	0.422381	0.029810	0.279344	-0.010836	0.309929	0.019450	0.252522	-0.042059	0.352137	-0.042929	0.378179	-0.005777	0.226231	-0.039562	0.243709	-0.014967	0.190100	-0.098459	0.230256	-0.032170	0.113235	-0.085183	0.110606	-0.094052	0.096597	-0.100463	0.103089	-0.079718	0.074997	-0.021174	0.062007	-0.036950	0.052940	-0.003098	0.022544	0.032538	0.056822	0.051704	0.042464	0.066447	-0.004992	0.074645	0.008184	0.059726	0.046709	
-0.009757	-0.000498	0.132876	0.331954	0.223733	0.333471	0.262481	0.348589	0.150963	0.260869	0.248568	0.426791	0.228635	0.435478	0.352741	0.445114	0.326893	0.496246	0.184871	0.517721	0.096077	0.421675	0.119133	0.585417	0.039160	0.509241	0.024864	0.531165	-0.146468	0.552841	-0.177537	0.532985	-0.186982	0.528592	-0.177515	0.658755	-0.196717	0.650089	-0.203424	0.440461	-0.264925	0.486421	-0.218486	0.399143	-0.312118	0.550550	-0.313398	0.590148	-0.256743	0.358426	-0.309291	0.385307	-0.269991	0.301206	-0.402105	0.364370	-0.294549	0.173058	-0.386028	0.168282	-0.401878	0.144071	-0.412857	0.155375	-0.377765	0.106061	-0.274569	0.083789	-0.303076	0.065846	-0.236541	0.003162	-0.158626	0.078242	-0.112770	0.050532	-0.076402	-0.061699	-0.052346	-0.027986	-0.093446	0.064228	
0.087953	0.016280	0.194475	0.283529	0.353869	0.158379	0.383008	0.169698	0.300229	0.104091	0.372634	0.228635	0.357622	0.235120	0.451266	0.242601	0.432054	0.281564	0.323695	0.298852	0.254754	0.224278	0.272627	0.351384	0.210372	0.292275	0.199196	0.309328	0.075607	0.326919	0.055573	0.313959	0.049696	0.311197	0.055608	0.395926	0.043493	0.389478	0.039897	0.257262	0.002386	0.285499	0.030316	0.232534	-0.026433	0.324447	-0.027238	0.348476	0.007035	0.208304	-0.024091	0.224419	-0.001478	0.175061	-0.078303	0.212026	-0.017431	0.104627	-0.065865	0.102235	-0.073942	0.089439	-0.079803	0.095365	-0.060817	0.069740	-0.007435	0.057864	-0.021785	0.049693	0.008743	0.022425	0.040487	0.052957	0.057367	0.039985	0.070301	-0.001881	0.077321	0.009624	0.064427	0.043553	
-0.010021	-0.000549	0.135752	0.340185	0.230167	0.339617	0.270011	0.355161	0.155378	0.264968	0.255760	0.435478	0.235120	0.444659	0.362835	0.454426	0.336239	0.506992	0.190245	0.529001	0.099071	0.430375	0.122748	0.598497	0.040643	0.520298	0.025963	0.542805	-0.149601	0.565070	-0.181381	0.544756	-0.191039	0.540263	-0.181359	0.673414	-0.200994	0.664533	-0.207844	0.450162	-0.270719	0.497152	-0.223246	0.407926	-0.318966	0.562711	-0.320275	0.603192	-0.262357	0.366304	-0.316072	0.393783	-0.275902	0.307817	-0.410942	0.372381	-0.301008	0.176845	-0.394498	0.171964	-0.410696	0.147221	-0.421917	0.158773	-0.386053	0.108375	-0.280589	0.085614	-0.309722	0.067278	-0.241727	0.003219	-0.162101	0.079945	-0.115241	0.051626	-0.078078	-0.063061	-0.053505	-0.028614	-0.095495	0.065619	
0.083998	0.015525	0.235772	0.400740	0.445745	0.245574	0.490144	0.262834	0.364066	0.162836	0.474281	0.352741	0.451266	0.362835	0.594423	0.374061	0.564570	0.433020	0.400523	0.458175	0.297602	0.346806	0.324345	0.536403	0.231664	0.448431	0.215026	0.473794	0.031192	0.499805	0.001077	0.480344	-0.007809	0.476175	0.001125	0.603270	-0.017133	0.593763	-0.022737	0.394352	-0.079709	0.437166	-0.037152	0.356627	-0.123452	0.496359	-0.124663	0.532885	-0.072516	0.319596	-0.120151	0.344178	-0.085236	0.268428	-0.203451	0.325202	-0.108945	0.158063	-0.185812	0.154197	-0.198803	0.133875	-0.208076	0.143313	-0.178174	0.102373	-0.092741	0.083579	-0.115942	0.069848	-0.064783	0.023158	-0.008877	0.076950	0.022195	0.055374	0.046363	-0.021196	0.060692	0.000684	0.035226	0.063142	
-0.010352	-0.000612	0.139037	0.349401	0.237416	0.346452	0.278426	0.362452	0.160498	0.269628	0.263760	0.445114	0.242601	0.454426	0.374061	0.464709	0.346594	0.518736	0.196321	0.541382	0.102464	0.439870	0.126835	0.612901	0.042335	0.532427	0.027223	0.555590	-0.153069	0.578519	-0.185636	0.557697	-0.195529	0.553094	-0.185613	0.689554	-0.205728	0.680433	-0.212733	0.460819	-0.277125	0.508946	-0.228513	0.417572	-0.326535	0.576082	-0.327875	0.617537	-0.268565	0.374952	-0.323565	0.403091	-0.282438	0.315070	-0.420700	0.381177	-0.308149	0.180992	-0.403850	0.175996	-0.420430	0.150667	-0.431916	0.162493	-0.395203	0.110904	-0.287247	0.087605	-0.317068	0.068837	-0.247470	0.003268	-0.165966	0.081802	-0.118003	0.052815	-0.079966	-0.064570	-0.054824	-0.029316	-0.097792	0.067135	
0.084766	0.015671	0.227370	0.376637	0.426927	0.227557	0.468096	0.243546	0.351112	0.150851	0.453400	0.326893	0.432054	0.336239	0.564570	0.346594	0.537467	0.401606	0.384779	0.425066	0.288835	0.321252	0.313760	0.498022	0.227323	0.415974	0.211807	0.439630	0.040381	0.463916	0.012352	0.445799	0.004089	0.441922	0.012397	0.560253	-0.004589	0.551375	-0.009776	0.365879	-0.062714	0.405672	-0.023189	0.330849	-0.103364	0.460669	-0.104490	0.494604	-0.056049	0.296472	-0.100260	0.319299	-0.067897	0.249023	-0.177527	0.301688	-0.090000	0.146947	-0.160963	0.143387	-0.172933	0.124627	-0.181498	0.133336	-0.153861	0.095576	-0.075085	0.078219	-0.096448	0.065643	-0.049575	0.022988	0.001311	0.071947	0.029435	0.052159	0.051270	-0.017201	0.064085	0.002525	0.041226	0.059056	
-0.012045	-0.000935	0.156274	0.398035	0.275619	0.382542	0.322858	0.400959	0.187206	0.294111	0.305962	0.496246	0.281564	0.506992	0.433020	0.518736	0.401606	0.581261	0.228265	0.607100	0.120296	0.490306	0.148355	0.689296	0.051215	0.596832	0.033834	0.623446	-0.171436	0.649876	-0.208172	0.626365	-0.219308	0.621181	-0.208143	0.775163	-0.230797	0.764772	-0.238630	0.517385	-0.311061	0.571534	-0.256408	0.468769	-0.366637	0.647033	-0.368145	0.693650	-0.301452	0.420863	-0.363270	0.452499	-0.317063	0.353580	-0.472416	0.427866	-0.345979	0.203019	-0.453414	0.197415	-0.472021	0.168981	-0.484915	0.182256	-0.443697	0.124347	-0.322516	0.098193	-0.355988	0.077131	-0.277879	0.003550	-0.186408	0.091680	-0.132589	0.059144	-0.089917	-0.072559	-0.061756	-0.033023	-0.109915	0.075198	
0.089486	0.016572	0.179418	0.241432	0.320686	0.127274	0.344571	0.136550	0.276726	0.082783	0.336061	0.184871	0.323695	0.190245	0.400523	0.196321	0.384779	0.228265	0.295987	0.242473	0.239244	0.181217	0.253921	0.285764	0.202629	0.237052	0.193422	0.251110	0.091422	0.265663	0.074976	0.255019	0.070169	0.252757	0.075006	0.322399	0.065076	0.317047	0.062189	0.208727	0.031588	0.231785	0.054327	0.188611	0.008070	0.263546	0.007409	0.283138	0.035337	0.168923	0.010068	0.182033	0.028319	0.142037	-0.033826	0.171976	0.015121	0.085754	-0.023242	0.083884	-0.029580	0.073753	-0.034232	0.078435	-0.019113	0.058234	0.022920	0.048807	0.011703	0.042604	0.034929	0.022209	0.058123	0.044510	0.069980	0.034581	0.078935	0.004999	0.083361	0.012829	0.074925	0.036660	
-0.012923	-0.001103	0.164098	0.419349	0.292581	0.398103	0.342277	0.417476	0.199632	0.305090	0.324516	0.517721	0.298852	0.529001	0.458175	0.541382	0.425066	0.607100	0.242473	0.634932	0.128302	0.511271	0.157967	0.721800	0.055234	0.624036	0.036843	0.652182	-0.179326	0.680164	-0.217851	0.655496	-0.229519	0.650063	-0.217820	0.811576	-0.241561	0.800631	-0.249743	0.541348	-0.325605	0.598070	-0.268376	0.490446	-0.383813	0.677137	-0.385393	0.725956	-0.315551	0.440287	-0.380272	0.473414	-0.331905	0.369854	-0.494530	0.447623	-0.362190	0.212296	-0.474601	0.206434	-0.494067	0.176683	-0.507558	0.190572	-0.464428	0.129985	-0.337642	0.102621	-0.372661	0.080588	-0.290949	0.003617	-0.195260	0.095806	-0.138962	0.061771	-0.094325	-0.075996	-0.064877	-0.034642	-0.115244	0.078563	
0.092692	0.017184	0.148620	0.155733	0.253075	0.063958	0.266393	0.069129	0.228608	0.039164	0.261651	0.096077	0.254754	0.099071	0.297602	0.102464	0.288835	0.120296	0.239244	0.128302	0.207564	0.094014	0.215687	0.152661	0.186764	0.125160	0.181570	0.133115	0.123537	0.141460	0.114381	0.135522	0.111745	0.134276	0.114401	0.173265	0.108906	0.170148	0.107456	0.110347	0.090880	0.122896	0.103083	0.099588	0.078116	0.140069	0.077749	0.150659	0.092801	0.089117	0.079415	0.096129	0.088818	0.075126	0.056451	0.090810	0.081213	0.047533	0.063266	0.046721	0.060453	0.041994	0.058251	0.044155	0.065530	0.034947	0.084557	0.030487	0.079692	0.028271	0.088120	0.021805	0.093987	0.027426	0.095662	0.023661	0.096554	0.018978	0.095716	0.019354	0.096323	0.022720	
-0.009472	-0.000444	0.130812	0.326658	0.219448	0.329658	0.257700	0.344586	0.147604	0.257978	0.244016	0.421675	0.224278	0.430375	0.346806	0.439870	0.321252	0.490306	0.181217	0.511271	0.094014	0.416971	0.116635	0.577754	0.038090	0.502925	0.024046	0.524463	-0.144575	0.545738	-0.175214	0.526162	-0.184532	0.521828	-0.175193	0.650177	-0.194135	0.641649	-0.200762	0.434865	-0.261448	0.480214	-0.215619	0.394089	-0.308017	0.543496	-0.309280	0.582573	-0.253371	0.353904	-0.305232	0.380432	-0.266441	0.297426	-0.396840	0.359769	-0.290674	0.170920	-0.380988	0.166204	-0.396638	0.142301	-0.407477	0.153461	-0.372834	0.104773	-0.270947	0.082784	-0.299092	0.065068	-0.233398	0.003173	-0.156464	0.077308	-0.111186	0.049946	-0.075277	-0.060872	-0.051526	-0.027584	-0.092106	0.063468	
0.091876	0.017028	0.156581	0.177949	0.270600	0.080359	0.286676	0.086602	0.241047	0.050422	0.280952	0.119133	0.272627	0.122748	0.324345	0.126835	0.313760	0.148355	0.253921	0.157967	0.215687	0.116635	0.225622	0.187234	0.190849	0.154243	0.184622	0.163774	0.115202	0.173724	0.104155	0.166566	0.100955	0.165055	0.104177	0.211996	0.097531	0.208301	0.095707	0.135908	0.075490	0.151185	0.090429	0.122720	0.059935	0.172146	0.059492	0.185073	0.077886	0.109856	0.061415	0.118451	0.073116	0.092516	0.033015	0.111902	0.064059	0.057470	0.040808	0.056383	0.037079	0.050252	0.034240	0.053068	0.043556	0.041004	0.068560	0.035253	0.062045	0.032002	0.074318	0.021916	0.084689	0.031871	0.089009	0.026504	0.091996	0.015351	0.092525	0.017664	0.090783	0.026347	
-0.015434	-0.001582	0.187667	0.484713	0.344105	0.446526	0.401793	0.469004	0.236410	0.338614	0.381184	0.585417	0.351384	0.598497	0.536403	0.612901	0.498022	0.689296	0.285764	0.721800	0.152661	0.577754	0.187234	0.823190	0.067465	0.709179	0.046007	0.741986	-0.203803	0.774739	-0.247892	0.746479	-0.261215	0.740272	-0.247852	0.925176	-0.274975	0.912521	-0.284249	0.616235	-0.370802	0.680968	-0.305545	0.558202	-0.437207	0.771152	-0.439011	0.826832	-0.359356	0.501021	-0.433132	0.538795	-0.378024	0.420765	-0.563334	0.509393	-0.412573	0.241360	-0.540526	0.234694	-0.562676	0.200829	-0.578032	0.216637	-0.528933	0.147681	-0.384634	0.116537	-0.424489	0.091470	-0.331515	0.003899	-0.222642	0.108781	-0.158595	0.070056	-0.107822	-0.086658	-0.074363	-0.039631	-0.131616	0.089148	
0.094821	0.017591	0.128687	0.100600	0.209536	0.023202	0.216150	0.025769	0.197438	0.010904	0.213798	0.039160	0.210372	0.040643	0.231664	0.042335	0.227323	0.051215	0.202629	0.055234	0.186764	0.038090	0.190849	0.067465	0.176483	0.053651	0.173860	0.057650	0.144126	0.061999	0.139644	0.059078	0.138399	0.058482	0.139657	0.077813	0.137004	0.076134	0.136471	0.047428	0.128878	0.053245	0.134336	0.042661	0.123004	0.061077	0.122824	0.065902	0.129630	0.038091	0.123853	0.041198	0.127592	0.032354	0.114285	0.038914	0.123570	0.023118	0.118682	0.022982	0.118124	0.021711	0.117489	0.022260	0.119752	0.020084	0.124065	0.018799	0.123262	0.019133	0.122228	0.021573	0.117017	0.016530	0.112181	0.016705	0.107917	0.027943	0.103708	0.023552	0.110102	0.013830	
-0.012591	-0.001039	0.161116	0.411153	0.286127	0.391994	0.334838	0.410985	0.194996	0.300817	0.317429	0.509241	0.292275	0.520298	0.448431	0.532427	0.415974	0.596832	0.237052	0.624036	0.125160	0.502925	0.154243	0.709179	0.053651	0.613476	0.035661	0.641000	-0.176268	0.668389	-0.214100	0.644170	-0.225561	0.638834	-0.214069	0.797420	-0.237388	0.786691	-0.245434	0.532031	-0.319963	0.587753	-0.263734	0.482017	-0.377147	0.665433	-0.378699	0.713396	-0.310081	0.432734	-0.373674	0.465281	-0.326147	0.363526	-0.485945	0.439941	-0.355899	0.208688	-0.466376	0.202926	-0.485508	0.173687	-0.498767	0.187337	-0.456380	0.127791	-0.331773	0.100898	-0.366191	0.079242	-0.285879	0.003589	-0.191830	0.094200	-0.136495	0.060748	-0.092622	-0.074662	-0.063674	-0.034015	-0.113183	0.077253	
0.095340	0.017690	0.123693	0.086741	0.198574	0.013000	0.203490	0.014908	0.189610	0.003869	0.201743	0.024864	0.199196	0.025963	0.215026	0.027223	0.211807	0.033834	0.193422	0.036843	0.181570	0.024046	0.184622	0.046007	0.173860	0.035661	0.172029	0.038646	0.149300	0.042003	0.145993	0.039841	0.145097	0.039409	0.146004	0.053806	0.144065	0.052487	0.143764	0.031591	0.138428	0.035715	0.142190	0.028330	0.134285	0.041200	0.134153	0.044575	0.138886	0.025243	0.135022	0.027369	0.137336	0.021582	0.128823	0.025847	0.134215	0.016965	0.132613	0.016999	0.132623	0.016599	0.132382	0.016741	0.133383	0.016335	0.133993	0.015850	0.134212	0.016826	0.130795	0.021509	0.122795	0.013779	0.116319	0.014947	0.110757	0.030194	0.105700	0.024603	0.113550	0.011586	
-0.013408	-0.001195	0.168772	0.432357	0.302855	0.407688	0.354150	0.427682	0.206955	0.311693	0.335820	0.531165	0.309328	0.542805	0.473794	0.555590	0.439630	0.623446	0.251110	0.652182	0.133115	0.524463	0.163774	0.741986	0.057650	0.641000	0.038646	0.670101	-0.184201	0.699013	-0.223832	0.673632	-0.235829	0.668046	-0.223799	0.834209	-0.248213	0.822925	-0.256612	0.556280	-0.334603	0.614597	-0.275775	0.503958	-0.394443	0.695877	-0.396067	0.746062	-0.324271	0.452400	-0.390796	0.486452	-0.341086	0.380011	-0.508231	0.459942	-0.372220	0.218098	-0.487730	0.212076	-0.507731	0.181504	-0.521593	0.195776	-0.477274	0.133520	-0.346995	0.105403	-0.382979	0.082765	-0.299021	0.003679	-0.200702	0.098400	-0.142858	0.063429	-0.096998	-0.078117	-0.066750	-0.035632	-0.118490	0.080680	
0.103218	0.019193	0.065313	-0.072484	0.077349	-0.113138	0.063512	-0.118522	0.103120	-0.087270	0.068454	-0.146468	0.075607	-0.149601	0.031192	-0.153069	0.040381	-0.171436	0.091422	-0.179326	0.123537	-0.144575	0.115202	-0.203803	0.144126	-0.176268	0.149300	-0.184201	0.210269	-0.192112	0.220851	-0.185298	0.224123	-0.183780	0.220851	-0.228841	0.227477	-0.225777	0.229812	-0.153165	0.251268	-0.169148	0.234962	-0.138616	0.267674	-0.191500	0.268101	-0.205296	0.248279	-0.124173	0.267005	-0.133659	0.252557	-0.103382	0.300516	-0.126171	0.260153	-0.053898	0.296927	-0.051886	0.303543	-0.042130	0.307908	-0.046724	0.294152	-0.026491	0.251578	-0.017648	0.263708	-0.009220	0.232620	0.021480	0.192277	-0.017373	0.166775	-0.004735	0.146128	0.057049	0.131084	0.037463	0.155994	-0.013793	
-0.014152	-0.001337	0.176520	0.453856	0.320116	0.423050	0.374029	0.444061	0.219394	0.322177	0.354766	0.552841	0.326919	0.565070	0.499805	0.578519	0.463916	0.649876	0.265663	0.680164	0.141460	0.545738	0.173724	0.774739	0.061999	0.668389	0.042003	0.699013	-0.192112	0.729695	-0.233567	0.703129	-0.246097	0.697294	-0.233529	0.870965	-0.259027	0.859125	-0.267786	0.580589	-0.349226	0.641489	-0.287805	0.525963	-0.411710	0.726357	-0.413407	0.778758	-0.338443	0.472136	-0.407895	0.507689	-0.356003	0.396568	-0.530486	0.480012	-0.388511	0.227573	-0.509065	0.221290	-0.529938	0.189383	-0.544406	0.204278	-0.498150	0.139305	-0.362185	0.109960	-0.399739	0.086335	-0.312119	0.003801	-0.209510	0.102653	-0.149145	0.066155	-0.101289	-0.081554	-0.069744	-0.037227	-0.123716	0.084151	
0.104914	0.019517	0.055235	-0.099691	0.057711	-0.136642	0.040732	-0.143249	0.089329	-0.104903	0.046796	-0.177537	0.055573	-0.181381	0.001077	-0.185636	0.012352	-0.208172	0.074976	-0.217851	0.114381	-0.175214	0.104155	-0.247892	0.139644	-0.214100	0.145993	-0.223832	0.220851	-0.233567	0.234289	-0.225002	0.238166	-0.223191	0.234109	-0.278910	0.242290	-0.275115	0.245096	-0.185687	0.271360	-0.205265	0.251464	-0.167960	0.291437	-0.232595	0.291972	-0.249474	0.267759	-0.150390	0.290512	-0.161950	0.273086	-0.125252	0.331086	-0.152854	0.282609	-0.066206	0.326142	-0.063847	0.333918	-0.052302	0.339095	-0.057730	0.322735	-0.033866	0.272565	-0.023381	0.286789	-0.013649	0.250854	0.021603	0.204858	-0.022689	0.176026	-0.008052	0.152736	0.061877	0.135918	0.039830	0.163843	-0.018116	
-0.013086	-0.001134	0.170046	0.436362	0.307411	0.408073	0.359299	0.428295	0.210458	0.310985	0.340759	0.532985	0.313959	0.544756	0.480344	0.557697	0.445799	0.626365	0.255019	0.655496	0.135522	0.526162	0.166566	0.746479	0.059078	0.644170	0.039841	0.673632	-0.185298	0.703129	-0.225002	0.677714	-0.237112	0.672054	-0.225040	0.838879	-0.249542	0.827515	-0.258004	0.559758	-0.336373	0.618355	-0.277245	0.507164	-0.396507	0.700041	-0.398135	0.750469	-0.325980	0.455337	-0.392856	0.489564	-0.342870	0.382551	-0.510928	0.462915	-0.374146	0.219678	-0.490370	0.213617	-0.510500	0.182856	-0.524448	0.197217	-0.479859	0.134570	-0.348761	0.106277	-0.384974	0.083488	-0.300460	0.003871	-0.201475	0.099237	-0.143244	0.064020	-0.097082	-0.078469	-0.066673	-0.035718	-0.118714	0.081372	
0.105446	0.019619	0.052231	-0.107813	0.051952	-0.143828	0.034036	-0.150801	0.085319	-0.110336	0.040435	-0.186982	0.049696	-0.191039	-0.007809	-0.195529	0.004089	-0.219308	0.070169	-0.229519	0.111745	-0.184532	0.100955	-0.261215	0.138399	-0.225561	0.145097	-0.235829	0.224123	-0.246097	0.238166	-0.237112	0.242564	-0.235067	0.238133	-0.294004	0.246778	-0.289998	0.249738	-0.195539	0.277459	-0.216205	0.256471	-0.176844	0.298652	-0.245048	0.299206	-0.262842	0.273670	-0.158325	0.297646	-0.170515	0.279317	-0.131868	0.340368	-0.160933	0.289427	-0.069922	0.335008	-0.067458	0.343135	-0.055372	0.348558	-0.061052	0.331409	-0.036088	0.278939	-0.025106	0.293796	-0.014979	0.256395	0.021648	0.208690	-0.024288	0.178851	-0.009046	0.154762	0.063346	0.137405	0.040554	0.166244	-0.019416	
-0.012841	-0.001087	0.168640	0.432565	0.304704	0.404735	0.356154	0.424787	0.208567	0.308467	0.337770	0.528592	0.311197	0.540263	0.476175	0.553094	0.441922	0.621181	0.252757	0.650063	0.134276	0.521828	0.165055	0.740272	0.058482	0.638834	0.039409	0.668046	-0.183780	0.697294	-0.223191	0.672054	-0.235067	0.666557	-0.223169	0.831840	-0.247454	0.820576	-0.255847	0.555175	-0.333537	0.613262	-0.274917	0.503030	-0.393151	0.694243	-0.394771	0.744249	-0.323231	0.451645	-0.389538	0.485579	-0.339972	0.379472	-0.506613	0.459156	-0.370976	0.217948	-0.486248	0.211935	-0.506214	0.181427	-0.520048	0.195670	-0.475826	0.133534	-0.345797	0.105473	-0.381716	0.082867	-0.297884	0.003891	-0.199694	0.098492	-0.141933	0.063556	-0.096142	-0.077786	-0.065983	-0.035382	-0.117600	0.080766	
0.104915	0.019517	0.055247	-0.099656	0.057745	-0.136630	0.040771	-0.143236	0.089356	-0.104899	0.046833	-0.177515	0.055608	-0.181359	0.001125	-0.185613	0.012397	-0.208143	0.075006	-0.217820	0.114401	-0.175193	0.104177	-0.247852	0.139657	-0.214069	0.146004	-0.223799	0.220851	-0.233529	0.234109	-0.225040	0.238133	-0.223169	0.234190	-0.278960	0.242279	-0.275054	0.245090	-0.185652	0.271340	-0.205235	0.251449	-0.167927	0.291420	-0.232564	0.291946	-0.249424	0.267737	-0.150360	0.290487	-0.161916	0.273064	-0.125226	0.331055	-0.152825	0.282585	-0.066190	0.326111	-0.063831	0.333885	-0.052289	0.339061	-0.057716	0.322704	-0.033856	0.272544	-0.023373	0.286765	-0.013642	0.250835	0.021604	0.204846	-0.022682	0.176019	-0.008046	0.152732	0.061872	0.135916	0.039828	0.163837	-0.018110	
-0.019903	-0.002435	0.211108	0.547135	0.387769	0.503104	0.452419	0.528295	0.267064	0.382165	0.429322	0.658755	0.395926	0.673414	0.603270	0.689554	0.560253	0.775163	0.322399	0.811576	0.173265	0.650177	0.211996	0.925176	0.077813	0.797420	0.053806	0.834209	-0.228841	0.870965	-0.278910	0.838879	-0.294004	0.831840	-0.278960	1.042403	-0.309649	1.027649	-0.319985	0.691615	-0.417794	0.764816	-0.344142	0.626144	-0.492834	0.866678	-0.494871	0.929550	-0.404927	0.561650	-0.488118	0.604276	-0.426067	0.471249	-0.634812	0.571120	-0.465144	0.269617	-0.608775	0.262149	-0.633607	0.224136	-0.650846	0.241877	-0.595703	0.164508	-0.433807	0.129557	-0.478507	0.101479	-0.374335	0.003401	-0.252419	0.120827	-0.180684	0.077501	-0.123803	-0.098024	-0.086202	-0.045293	-0.150465	0.098933	
0.105990	0.019722	0.049082	-0.116286	0.045871	-0.151221	0.026983	-0.158573	0.081050	-0.115910	0.033729	-0.196717	0.043493	-0.200994	-0.017133	-0.205728	-0.004589	-0.230797	0.065076	-0.241561	0.108906	-0.194135	0.097531	-0.274975	0.137004	-0.237388	0.144065	-0.248213	0.227477	-0.259027	0.242290	-0.249542	0.246778	-0.247454	0.242279	-0.309649	0.251510	-0.305531	0.254520	-0.205675	0.283730	-0.227483	0.261625	-0.185986	0.306083	-0.257888	0.306672	-0.276644	0.279750	-0.166491	0.304985	-0.179326	0.285727	-0.138676	0.349911	-0.169245	0.296438	-0.073750	0.344126	-0.071177	0.352614	-0.058534	0.358289	-0.064473	0.340329	-0.038379	0.285493	-0.026885	0.301002	-0.016352	0.262091	0.021692	0.212627	-0.025936	0.181752	-0.010073	0.156839	0.064855	0.138929	0.041296	0.168708	-0.020756	
-0.019508	-0.002359	0.208078	0.538937	0.381440	0.496732	0.445138	0.521553	0.262499	0.377570	0.422381	0.650089	0.389478	0.664533	0.593763	0.680433	0.551375	0.764772	0.317047	0.800631	0.170148	0.641649	0.208301	0.912521	0.076134	0.786691	0.052487	0.822925	-0.225777	0.859125	-0.275115	0.827515	-0.289998	0.820576	-0.275054	1.027649	-0.305531	1.013780	-0.315636	0.682283	-0.412091	0.754469	-0.339450	0.617709	-0.486095	0.854927	-0.488105	0.916933	-0.399397	0.554100	-0.481448	0.596140	-0.420244	0.464933	-0.626140	0.563439	-0.458781	0.266032	-0.600473	0.258665	-0.624972	0.221164	-0.641978	0.238666	-0.587580	0.162340	-0.427866	0.127861	-0.471964	0.100159	-0.369191	0.003397	-0.248911	0.119249	-0.178138	0.076503	-0.122020	-0.096668	-0.084923	-0.044645	-0.148324	0.097647	
0.106407	0.019802	0.047118	-0.121642	0.042355	-0.156419	0.022839	-0.164015	0.078708	-0.119935	0.029810	-0.203424	0.039897	-0.207844	-0.022737	-0.212733	-0.009776	-0.238630	0.062189	-0.249743	0.107456	-0.200762	0.095707	-0.284249	0.136471	-0.245434	0.143764	-0.256612	0.229812	-0.267786	0.245096	-0.258004	0.249738	-0.255847	0.245090	-0.319985	0.254520	-0.315636	0.257835	-0.212565	0.288026	-0.235153	0.265137	-0.192196	0.311179	-0.266649	0.311809	-0.286097	0.283912	-0.172030	0.310011	-0.185311	0.290117	-0.143283	0.356455	-0.174887	0.301246	-0.076321	0.350367	-0.073676	0.359100	-0.060653	0.364948	-0.066769	0.346435	-0.039906	0.289990	-0.028064	0.305942	-0.017257	0.266010	0.021745	0.215358	-0.027026	0.183783	-0.010744	0.158314	0.065898	0.140024	0.041818	0.170443	-0.021641	
-0.007814	-0.000127	0.140875	0.357428	0.251867	0.337538	0.294622	0.354203	0.171944	0.257528	0.279344	0.440461	0.257262	0.450162	0.394352	0.460819	0.365879	0.517385	0.208727	0.541348	0.110347	0.434865	0.135908	0.616235	0.047428	0.532031	0.031591	0.556280	-0.153165	0.580589	-0.185687	0.559758	-0.195539	0.555175	-0.185652	0.691615	-0.205675	0.682283	-0.212565	0.463449	-0.276721	0.511287	-0.228280	0.420301	-0.325879	0.578111	-0.327175	0.619342	-0.268142	0.377773	-0.323043	0.405830	-0.281899	0.317903	-0.420119	0.383954	-0.307432	0.183386	-0.403633	0.178349	-0.420331	0.152887	-0.431875	0.164780	-0.395001	0.112882	-0.286390	0.089452	-0.316409	0.070517	-0.246223	0.004348	-0.163936	0.083652	-0.115543	0.054334	-0.077193	-0.064086	-0.052053	-0.028620	-0.095159	0.068704	
0.109915	0.020471	0.027802	-0.173994	0.005609	-0.203313	-0.019973	-0.213272	0.053275	-0.155485	-0.010836	-0.264925	0.002386	-0.270719	-0.079709	-0.277125	-0.062714	-0.311061	0.031588	-0.325605	0.090880	-0.261448	0.075490	-0.370802	0.128878	-0.319963	0.138428	-0.334603	0.251268	-0.349226	0.271360	-0.336373	0.277459	-0.333537	0.271340	-0.417794	0.283730	-0.412091	0.288026	-0.276721	0.327811	-0.306317	0.297724	-0.250024	0.358154	-0.347719	0.358994	-0.373276	0.322397	-0.223664	0.356474	-0.241043	0.330694	-0.186313	0.416905	-0.227457	0.345647	-0.100476	0.408096	-0.097148	0.419113	-0.080598	0.426562	-0.088358	0.402913	-0.054339	0.331501	-0.039260	0.351575	-0.025888	0.302107	0.022064	0.240342	-0.037397	0.202220	-0.017189	0.171551	0.075471	0.149754	0.046543	0.186121	-0.030071	
-0.010425	-0.000626	0.155382	0.396688	0.279530	0.372556	0.326830	0.390991	0.191134	0.284049	0.309929	0.486421	0.285499	0.497152	0.437166	0.508946	0.405672	0.571534	0.231785	0.598070	0.122896	0.480214	0.151185	0.680968	0.053245	0.587753	0.035715	0.614597	-0.169148	0.641489	-0.205265	0.618355	-0.216205	0.613262	-0.205235	0.764816	-0.227483	0.754469	-0.235153	0.511287	-0.306317	0.564582	-0.252612	0.463470	-0.360969	0.638718	-0.362427	0.684518	-0.296879	0.416321	-0.357730	0.447445	-0.312192	0.350034	-0.465234	0.423193	-0.340578	0.201427	-0.446730	0.195881	-0.465133	0.167785	-0.477872	0.180905	-0.437164	0.123665	-0.317377	0.097818	-0.350475	0.076967	-0.273167	0.004115	-0.182581	0.091402	-0.129299	0.059152	-0.087066	-0.071231	-0.059308	-0.032144	-0.106854	0.075004	
0.107247	0.019962	0.042256	-0.134739	0.032963	-0.167854	0.011942	-0.176036	0.072122	-0.128554	0.019450	-0.218486	0.030316	-0.223246	-0.037152	-0.228513	-0.023189	-0.256408	0.054327	-0.268376	0.103083	-0.215619	0.090429	-0.305545	0.134336	-0.263734	0.142190	-0.275775	0.234962	-0.287805	0.251464	-0.277245	0.256471	-0.274917	0.251449	-0.344142	0.261625	-0.339450	0.265137	-0.228280	0.297724	-0.252612	0.273139	-0.206350	0.322679	-0.286550	0.323368	-0.307514	0.293321	-0.184674	0.321371	-0.198957	0.300037	-0.153826	0.371226	-0.187756	0.312099	-0.082248	0.364481	-0.079435	0.373774	-0.065549	0.380013	-0.072068	0.360244	-0.043453	0.300136	-0.030818	0.317097	-0.019383	0.274828	0.021813	0.221451	-0.029579	0.188271	-0.012334	0.161528	0.068234	0.142381	0.042967	0.174256	-0.023717	
-0.005435	0.000327	0.128056	0.322590	0.227649	0.305976	0.266353	0.321063	0.155286	0.233544	0.252522	0.399143	0.232534	0.407926	0.356627	0.417572	0.330849	0.468769	0.188611	0.490446	0.099588	0.394089	0.122720	0.558202	0.042661	0.482017	0.028330	0.503958	-0.138616	0.525963	-0.167960	0.507164	-0.176844	0.503030	-0.167927	0.626144	-0.185986	0.617709	-0.192196	0.420301	-0.250024	0.463470	-0.206350	0.381512	-0.294324	0.523699	-0.295496	0.560863	-0.242270	0.343097	-0.291817	0.368390	-0.254626	0.289010	-0.379485	0.348648	-0.277586	0.167176	-0.364833	0.162598	-0.379997	0.139505	-0.390466	0.150294	-0.357043	0.103203	-0.258486	0.081947	-0.285736	0.064735	-0.221953	0.004575	-0.147126	0.076703	-0.103129	0.050019	-0.068269	-0.057647	-0.045488	-0.025437	-0.084597	0.063055	
0.112610	0.020986	0.012955	-0.214183	-0.022623	-0.239304	-0.052857	-0.251075	0.033720	-0.182775	-0.042059	-0.312118	-0.026433	-0.318966	-0.123452	-0.326535	-0.103364	-0.366637	0.008070	-0.383813	0.078116	-0.308017	0.059935	-0.437207	0.123004	-0.377147	0.134285	-0.394443	0.267674	-0.411710	0.291437	-0.396507	0.298652	-0.393151	0.291420	-0.492834	0.306083	-0.486095	0.311179	-0.325879	0.358154	-0.360969	0.322679	-0.294324	0.394306	-0.410018	0.395181	-0.440194	0.351889	-0.263217	0.392074	-0.283751	0.361788	-0.219278	0.463224	-0.267726	0.379672	-0.118978	0.452331	-0.115128	0.465098	-0.095876	0.473772	-0.104895	0.446190	-0.065395	0.363311	-0.047836	0.386544	-0.032498	0.329770	0.022310	0.259491	-0.045340	0.216353	-0.022125	0.181701	0.082807	0.157216	0.050165	0.198141	-0.036528	
-0.014097	-0.001327	0.175483	0.451155	0.317682	0.421488	0.371293	0.442382	0.217513	0.321178	0.352137	0.550550	0.324447	0.562711	0.496359	0.576082	0.460669	0.647033	0.263546	0.677137	0.140069	0.543496	0.172146	0.771152	0.061077	0.665433	0.041200	0.695877	-0.191500	0.726357	-0.232595	0.700041	-0.245048	0.694243	-0.232564	0.866678	-0.257888	0.854927	-0.266649	0.578111	-0.347719	0.638718	-0.286550	0.523699	-0.410018	0.723377	-0.411625	0.775436	-0.336975	0.470095	-0.406137	0.505497	-0.354469	0.394846	-0.528218	0.477943	-0.386841	0.226575	-0.506875	0.220318	-0.527657	0.188549	-0.542063	0.203380	-0.496006	0.138688	-0.360630	0.109470	-0.398021	0.085948	-0.310783	0.003775	-0.208624	0.102193	-0.148524	0.065856	-0.100876	-0.081208	-0.069464	-0.037072	-0.123206	0.083775	
0.112682	0.021000	0.012543	-0.215290	-0.023412	-0.240279	-0.053773	-0.252100	0.033168	-0.183513	-0.042929	-0.313398	-0.027238	-0.320275	-0.124663	-0.327875	-0.104490	-0.368145	0.007409	-0.385393	0.077749	-0.309280	0.059492	-0.439011	0.122824	-0.378699	0.134153	-0.396067	0.268101	-0.413407	0.291972	-0.398135	0.299206	-0.394771	0.291946	-0.494871	0.306672	-0.488105	0.311809	-0.327175	0.358994	-0.362427	0.323368	-0.295496	0.395181	-0.411625	0.396773	-0.442623	0.352704	-0.264275	0.393041	-0.284892	0.362630	-0.220165	0.464463	-0.268799	0.380592	-0.119479	0.453527	-0.115615	0.466341	-0.096290	0.475049	-0.105342	0.447360	-0.065694	0.364171	-0.048068	0.387489	-0.032677	0.330518	0.022317	0.260008	-0.045555	0.216735	-0.022258	0.181975	0.083005	0.157417	0.050263	0.198465	-0.036702	
-0.016366	-0.001760	0.187890	0.484773	0.341220	0.451707	0.398726	0.474118	0.233784	0.344111	0.378179	0.590148	0.348476	0.603192	0.532885	0.617537	0.494604	0.693650	0.283138	0.725956	0.150659	0.582573	0.185073	0.826832	0.065902	0.713396	0.044575	0.746062	-0.205296	0.778758	-0.249474	0.750469	-0.262842	0.744249	-0.249424	0.929550	-0.276644	0.916933	-0.286097	0.619342	-0.373276	0.684518	-0.307514	0.560863	-0.440194	0.775436	-0.442623	0.832372	-0.361746	0.503285	-0.436028	0.541328	-0.380573	0.422508	-0.567096	0.511732	-0.415406	0.242100	-0.544010	0.235405	-0.566261	0.201368	-0.581696	0.217255	-0.532337	0.147962	-0.387335	0.116662	-0.427378	0.091491	-0.334008	0.003564	-0.224705	0.108855	-0.160396	0.069994	-0.109406	-0.087368	-0.075736	-0.040115	-0.133304	0.089190	
0.109435	0.020380	0.030250	-0.167266	0.010158	-0.197041	-0.014631	-0.206691	0.056343	-0.150696	-0.005777	-0.256743	0.007035	-0.262357	-0.072516	-0.268565	-0.056049	-0.301452	0.035337	-0.315551	0.092801	-0.253371	0.077886	-0.359356	0.129630	-0.310081	0.138886	-0.324271	0.248279	-0.338443	0.267759	-0.325980	0.273670	-0.323231	0.267737	-0.404927	0.279750	-0.399397	0.283912	-0.268142	0.322397	-0.296879	0.293321	-0.242270	0.351889	-0.336975	0.352704	-0.361746	0.317292	-0.216736	0.350257	-0.233569	0.325270	-0.180559	0.408795	-0.220404	0.339704	-0.097256	0.400371	-0.094020	0.411083	-0.077942	0.418317	-0.085482	0.395355	-0.052419	0.325944	-0.037773	0.345468	-0.024743	0.297273	0.022014	0.236990	-0.036021	0.199741	-0.016336	0.169766	0.074186	0.148438	0.045907	0.184010	-0.028953	
-0.003089	0.000774	0.115483	0.288353	0.203923	0.274868	0.238636	0.288400	0.139008	0.209901	0.226231	0.358426	0.208304	0.366304	0.319596	0.374952	0.296472	0.420863	0.168923	0.440287	0.089117	0.353904	0.109856	0.501021	0.038091	0.432734	0.025243	0.452400	-0.124173	0.472136	-0.150390	0.455337	-0.158325	0.451645	-0.150360	0.561650	-0.166491	0.554100	-0.172030	0.377773	-0.223664	0.416321	-0.184674	0.343097	-0.263217	0.470095	-0.264275	0.503285	-0.216736	0.308906	-0.261004	0.331420	-0.227726	0.260485	-0.339376	0.313778	-0.248137	0.151181	-0.326547	0.147055	-0.340197	0.126301	-0.349605	0.136000	-0.319587	0.093652	-0.230953	0.074543	-0.255471	0.059030	-0.198006	0.004799	-0.130541	0.069847	-0.090880	0.045762	-0.059465	-0.051292	-0.039011	-0.022295	-0.074176	0.057483	
0.112465	0.020958	0.014085	-0.211362	-0.020319	-0.237196	-0.050255	-0.248851	0.035471	-0.181225	-0.039562	-0.309291	-0.024091	-0.316072	-0.120151	-0.323565	-0.100260	-0.363270	0.010068	-0.380272	0.079415	-0.305232	0.061415	-0.433132	0.123853	-0.373674	0.135022	-0.390796	0.267005	-0.407895	0.290512	-0.392856	0.297646	-0.389538	0.290487	-0.488118	0.304985	-0.481448	0.310011	-0.323043	0.356474	-0.357730	0.321371	-0.291817	0.392074	-0.406137	0.393041	-0.436028	0.350257	-0.261004	0.390153	-0.281225	0.360050	-0.217438	0.460610	-0.265440	0.377780	-0.117939	0.449874	-0.114118	0.462543	-0.095015	0.471151	-0.103964	0.443783	-0.064768	0.361541	-0.047346	0.384598	-0.032120	0.328234	0.022305	0.258433	-0.044885	0.215577	-0.021839	0.181149	0.082403	0.156811	0.049969	0.197483	-0.036158	
-0.004633	0.000480	0.123830	0.311032	0.219705	0.295393	0.257058	0.309953	0.149864	0.225488	0.243709	0.385307	0.224419	0.393783	0.344178	0.403091	0.319299	0.452499	0.182033	0.473414	0.096129	0.380432	0.118451	0.538795	0.041198	0.465281	0.027369	0.486452	-0.133659	0.507689	-0.161950	0.489564	-0.170515	0.485579	-0.161916	0.604276	-0.179326	0.596140	-0.185311	0.405830	-0.241043	0.447445	-0.198957	0.368390	-0.283751	0.505497	-0.284892	0.541328	-0.233569	0.331420	-0.281225	0.356025	-0.245451	0.279279	-0.365824	0.336777	-0.267538	0.161720	-0.351768	0.157296	-0.366416	0.135002	-0.376522	0.145419	-0.344263	0.099946	-0.249092	0.079424	-0.275410	0.062790	-0.213781	0.004653	-0.141466	0.074366	-0.098947	0.048569	-0.065263	-0.055477	-0.043276	-0.024364	-0.081039	0.061156	
