0.372377	-0.043032	0.166689	-0.159915	0.298041	-0.168404	0.286027	-0.179686	0.313863	-0.130941	0.302686	-0.206410	0.311424	-0.206685	0.267051	-0.228602	0.284069	-0.243657	0.339713	-0.230788	0.358607	-0.182090	0.373933	-0.246210	0.392610	-0.206408	0.401131	-0.212426	0.461317	-0.200055	0.468096	-0.191395	0.470100	-0.189555	0.480230	-0.227339	0.484408	-0.222649	0.466767	-0.164533	0.487232	-0.171493	0.467373	-0.152273	0.505425	-0.184410	0.509191	-0.194788	0.474059	-0.138236	0.490156	-0.140833	0.472881	-0.122184	0.512531	-0.127519	0.469225	-0.087532	0.491635	-0.079097	0.493603	-0.071839	0.497239	-0.073771	0.484554	-0.064381	0.457288	-0.066966	0.462929	-0.060401	0.441976	-0.050328	0.428922	-0.074392	0.415581	-0.071719	0.397401	-0.047462	0.392746	-0.057381	0.412344	-0.077108	
-0.043032	0.007228	-0.019190	0.020776	-0.034415	0.021760	-0.033023	0.023068	-0.036249	0.017418	-0.034954	0.026166	-0.035967	0.026198	-0.030823	0.028738	-0.032796	0.030483	-0.039246	0.028991	-0.041436	0.023347	-0.043212	0.030779	-0.045377	0.026165	-0.046365	0.026863	-0.053341	0.025429	-0.054127	0.024425	-0.054359	0.024212	-0.055534	0.028591	-0.056018	0.028048	-0.053973	0.021311	-0.056345	0.022118	-0.054043	0.019890	-0.058454	0.023615	-0.058891	0.024818	-0.054818	0.018263	-0.056684	0.018564	-0.054682	0.016403	-0.059278	0.017021	-0.054258	0.012386	-0.056856	0.011408	-0.057084	0.010567	-0.057505	0.010791	-0.056035	0.009703	-0.052874	0.010002	-0.053528	0.009241	-0.051099	0.008074	-0.049586	0.010863	-0.048040	0.010553	-0.045933	0.007742	-0.045393	0.008891	-0.047665	0.011178	
0.166689	-0.019190	0.753391	-0.081335	0.272865	-0.291565	0.266242	-0.297576	0.280829	-0.271993	0.275182	-0.312429	0.279959	-0.312556	0.255390	-0.324502	0.264523	-0.333375	0.296729	-0.327223	0.308672	-0.297549	0.317958	-0.337366	0.329736	-0.312190	0.334992	-0.316114	0.389251	-0.301920	0.398569	-0.290557	0.401585	-0.287869	0.414380	-0.337942	0.421015	-0.332916	0.397037	-0.248881	0.428776	-0.259561	0.397263	-0.229291	0.457118	-0.280102	0.462970	-0.296529	0.407620	-0.206605	0.434033	-0.210751	0.404750	-0.179625	0.471916	-0.188655	0.395502	-0.116801	0.438675	-0.100531	0.442852	-0.086426	0.449819	-0.090246	0.425690	-0.071442	0.371882	-0.076698	0.383099	-0.062623	0.336805	-0.039158	0.305774	-0.096213	0.273415	-0.090977	0.229040	-0.031830	0.217501	-0.056067	0.265606	-0.104821	
-0.159915	0.020776	-0.081335	0.507266	-0.153262	0.650375	-0.116665	0.684506	-0.200701	0.537405	-0.167151	0.766046	-0.193722	0.766871	-0.058454	0.833445	-0.110034	0.879852	-0.280937	0.841587	-0.339950	0.690667	-0.387360	0.890167	-0.445625	0.765907	-0.472072	0.784823	-0.678148	0.739002	-0.705036	0.705264	-0.713299	0.697774	-0.752177	0.845472	-0.769796	0.828525	-0.700074	0.593008	-0.785639	0.621923	-0.701698	0.541038	-0.861841	0.676511	-0.877609	0.720289	-0.729592	0.481187	-0.798753	0.492142	-0.723194	0.411366	-0.896425	0.434551	-0.702665	0.254094	-0.808108	0.214274	-0.817914	0.179921	-0.834971	0.189155	-0.775717	0.143895	-0.645386	0.156697	-0.672471	0.123333	-0.563420	0.068813	-0.491531	0.201454	-0.416205	0.189937	-0.311371	0.051857	-0.284291	0.109944	-0.398237	0.222887	
0.298041	-0.034415	0.272865	-0.153262	0.312384	-0.225788	0.299696	-0.237695	0.330093	-0.185542	0.317101	-0.265586	0.326250	-0.265942	0.279882	-0.288663	0.297726	-0.304090	0.354805	-0.290321	0.373859	-0.241440	0.389081	-0.305821	0.407786	-0.266041	0.416270	-0.272069	0.479555	-0.258350	0.487568	-0.248260	0.490032	-0.246027	0.501609	-0.290024	0.506831	-0.284937	0.486069	-0.214757	0.511651	-0.223381	0.486500	-0.199181	0.534420	-0.239703	0.539132	-0.252793	0.494803	-0.181204	0.515632	-0.184468	0.492677	-0.160082	0.545201	-0.167053	0.485670	-0.111535	0.518814	-0.098965	0.521970	-0.088126	0.527324	-0.091049	0.508754	-0.076652	0.467418	-0.080856	0.476023	-0.069878	0.439651	-0.051365	0.414958	-0.097029	0.388702	-0.093730	0.351824	-0.045472	0.342265	-0.066017	0.382511	-0.105566	
-0.168404	0.021760	-0.291565	0.650375	-0.225788	1.010703	-0.171119	1.061724	-0.297960	0.840935	-0.246360	1.183210	-0.285984	1.184499	-0.084364	1.283575	-0.161304	1.352471	-0.415080	1.295141	-0.502428	1.071979	-0.572396	1.367009	-0.658524	1.183384	-0.697575	1.211350	-1.005370	1.142222	-1.046353	1.090910	-1.059020	1.079446	-1.117974	1.304040	-1.145055	1.278572	-1.038840	0.918420	-1.170355	0.962804	-1.041091	0.838356	-1.287508	1.046832	-1.311750	1.114205	-1.083919	0.746046	-1.190734	0.762900	-1.073622	0.637970	-1.342004	0.673818	-1.040390	0.392577	-1.206006	0.329973	-1.221553	0.275951	-1.248331	0.290491	-1.155368	0.219111	-0.950075	0.239430	-0.992763	0.186336	-0.818615	0.098825	-0.702903	0.312395	-0.581338	0.294364	-0.412168	0.071527	-0.368416	0.165166	-0.552371	0.347688	
0.286027	-0.033023	0.266242	-0.116665	0.299696	-0.171119	0.290748	-0.179722	0.312624	-0.142175	0.303065	-0.199495	0.309580	-0.199750	0.276573	-0.215922	0.289284	-0.226887	0.329871	-0.217071	0.343404	-0.182352	0.354213	-0.228078	0.367495	-0.199830	0.373518	-0.204110	0.418544	-0.194324	0.424270	-0.187115	0.426033	-0.185518	0.434302	-0.216945	0.438042	-0.213321	0.423197	-0.163122	0.441521	-0.169293	0.423494	-0.151958	0.457832	-0.180985	0.461209	-0.190364	0.429436	-0.139068	0.444376	-0.141404	0.427891	-0.123908	0.465601	-0.128902	0.422788	-0.088976	0.446685	-0.079904	0.448966	-0.072085	0.452827	-0.074194	0.439439	-0.063801	0.409605	-0.066850	0.415816	-0.058895	0.389424	-0.045440	0.371461	-0.078680	0.352323	-0.076335	0.325397	-0.041148	0.318420	-0.056164	0.347818	-0.085000	
-0.179686	0.023068	-0.297576	0.684506	-0.237695	1.061724	-0.179722	1.116106	-0.314416	0.881323	-0.259560	1.245015	-0.301651	1.246398	-0.087516	1.351611	-0.169278	1.424671	-0.438481	1.363641	-0.530991	1.127237	-0.605085	1.439711	-0.696285	1.245303	-0.737637	1.274902	-1.062504	1.202097	-1.105625	1.148092	-1.118947	1.136034	-1.180995	1.372378	-1.209461	1.345543	-1.097714	0.966712	-1.236014	1.013388	-1.100090	0.882522	-1.359204	1.101744	-1.384695	1.172587	-1.145123	0.785457	-1.257444	0.803178	-1.134284	0.671806	-1.416516	0.709501	-1.099269	0.413682	-1.273532	0.347805	-1.289896	0.290960	-1.318072	0.306261	-1.220262	0.231137	-1.004213	0.252537	-1.049139	0.196615	-0.865655	0.104372	-0.743648	0.329566	-0.615423	0.310644	-0.436939	0.075579	-0.390772	0.174391	-0.584879	0.366936	
0.313863	-0.036249	0.280829	-0.200701	0.330093	-0.297960	0.312624	-0.314416	0.356861	-0.241026	0.336596	-0.352742	0.349166	-0.353228	0.285479	-0.384425	0.309936	-0.405698	0.388471	-0.386797	0.414718	-0.319474	0.435687	-0.408149	0.461457	-0.353346	0.473146	-0.361651	0.560300	-0.342774	0.571318	-0.328901	0.574702	-0.325832	0.590626	-0.386337	0.597798	-0.379333	0.569260	-0.282883	0.604393	-0.294732	0.569862	-0.261498	0.635662	-0.317147	0.642133	-0.335124	0.581270	-0.236822	0.609854	-0.241307	0.578376	-0.207845	0.650418	-0.217416	0.568844	-0.141344	0.614189	-0.124154	0.618501	-0.109329	0.625827	-0.113326	0.600416	-0.093644	0.543897	-0.099376	0.555662	-0.084402	0.506092	-0.059197	0.472496	-0.121308	0.436814	-0.116755	0.386751	-0.051190	0.373773	-0.079061	0.428392	-0.132794	
-0.130941	0.017418	-0.271993	0.537405	-0.185542	0.840935	-0.142175	0.881323	-0.241026	0.707811	-0.201896	0.977927	-0.233359	0.978905	-0.073096	1.057708	-0.134141	1.112793	-0.336870	1.067697	-0.407127	0.888374	-0.463435	1.125656	-0.532772	0.977732	-0.564207	1.000286	-0.815433	0.943354	-0.849324	0.900979	-0.859817	0.891487	-0.908507	1.077095	-0.930988	1.056162	-0.843131	0.758002	-0.952121	0.794777	-0.844971	0.691634	-1.049232	0.864438	-1.069327	0.920290	-0.880475	0.615116	-0.969010	0.629088	-0.871984	0.525549	-1.094372	0.555266	-0.844680	0.322441	-0.981572	0.270709	-0.994400	0.226070	-1.016537	0.238081	-0.939677	0.179140	-0.770120	0.195866	-0.805369	0.152169	-0.662252	0.080389	-0.567467	0.255310	-0.468048	0.240238	-0.329846	0.058061	-0.294125	0.134494	-0.444324	0.283692	
0.302686	-0.034954	0.275182	-0.167151	0.317101	-0.246360	0.303065	-0.259560	0.336596	-0.201896	0.322530	-0.290635	0.332588	-0.290973	0.281043	-0.316221	0.300881	-0.333350	0.364277	-0.318043	0.385431	-0.263772	0.402332	-0.335251	0.423101	-0.291085	0.432521	-0.297777	0.502734	-0.282568	0.511612	-0.271388	0.514341	-0.268914	0.527171	-0.317667	0.532953	-0.312026	0.509952	-0.234289	0.538278	-0.243840	0.510433	-0.217045	0.563488	-0.261912	0.568706	-0.276405	0.519628	-0.197145	0.542683	-0.200760	0.517283	-0.173769	0.575407	-0.181486	0.509555	-0.120076	0.546194	-0.106182	0.549680	-0.094201	0.555599	-0.097432	0.535069	-0.081522	0.489386	-0.086163	0.498896	-0.074042	0.458750	-0.053617	0.431514	-0.103980	0.402565	-0.100320	0.361923	-0.047121	0.351388	-0.069756	0.395737	-0.113356	
-0.206410	0.026166	-0.312429	0.766046	-0.265586	1.183210	-0.199495	1.245015	-0.352742	0.977927	-0.290635	1.392080	-0.338544	1.393624	-0.094561	1.513452	-0.187797	1.596456	-0.493779	1.526598	-0.598585	1.258637	-0.682509	1.612682	-0.785794	1.392582	-0.832626	1.426075	-1.198153	1.344516	-1.246363	1.284100	-1.261244	1.270628	-1.330655	1.534944	-1.362418	1.504852	-1.237506	1.081561	-1.391953	1.133695	-1.240180	0.987556	-1.529511	1.232351	-1.557973	1.311453	-1.290465	0.879172	-1.415887	0.898961	-1.278336	0.752258	-1.593523	0.794351	-1.239088	0.463850	-1.433916	0.390191	-1.452227	0.326629	-1.483725	0.343742	-1.374386	0.259712	-1.132757	0.283681	-1.183009	0.221036	-0.977333	0.117545	-0.840363	0.370365	-0.696311	0.349319	-0.495703	0.085195	-0.443798	0.196297	-0.662018	0.412659	
0.311424	-0.035967	0.279959	-0.193722	0.326250	-0.285984	0.309580	-0.301651	0.349166	-0.233359	0.332588	-0.338544	0.344818	-0.339087	0.283370	-0.369039	0.306956	-0.389427	0.382380	-0.371215	0.407543	-0.306656	0.427649	-0.391685	0.452358	-0.339143	0.463565	-0.347105	0.547036	-0.329041	0.557573	-0.315770	0.560810	-0.312835	0.576043	-0.370711	0.582900	-0.364008	0.555605	-0.271768	0.589199	-0.283099	0.556183	-0.251322	0.619096	-0.304532	0.625283	-0.321719	0.567091	-0.227729	0.594420	-0.232019	0.564325	-0.200026	0.633201	-0.209178	0.555215	-0.136451	0.598564	-0.120018	0.602686	-0.105846	0.609689	-0.109667	0.585397	-0.090851	0.531366	-0.096331	0.542614	-0.082016	0.495224	-0.057918	0.463104	-0.117300	0.428988	-0.112948	0.381122	-0.050262	0.368714	-0.076910	0.420936	-0.128285	
-0.206685	0.026198	-0.312556	0.766871	-0.265942	1.184499	-0.199750	1.246398	-0.353228	0.978905	-0.290973	1.393624	-0.339087	1.395302	-0.094659	1.515239	-0.188038	1.598357	-0.494444	1.528374	-0.599374	1.260091	-0.683398	1.614560	-0.786808	1.394198	-0.833696	1.427731	-1.199646	1.346079	-1.247911	1.285593	-1.262809	1.272106	-1.332299	1.536723	-1.364098	1.506596	-1.239044	1.082824	-1.393667	1.135017	-1.241721	0.988712	-1.531381	1.233786	-1.559876	1.312978	-1.292064	0.880204	-1.417628	0.900016	-1.279920	0.753145	-1.595468	0.795286	-1.240624	0.464404	-1.435680	0.390660	-1.454012	0.327024	-1.485546	0.344156	-1.376081	0.260028	-1.134170	0.284025	-1.184480	0.221306	-0.978558	0.117690	-0.841421	0.370817	-0.697192	0.349748	-0.496337	0.085300	-0.444367	0.196540	-0.662858	0.413168	
0.267051	-0.030823	0.255390	-0.058454	0.279882	-0.084364	0.276573	-0.087516	0.285479	-0.073096	0.281043	-0.094561	0.283370	-0.094659	0.271776	-0.100297	0.276160	-0.104275	0.290515	-0.100757	0.295271	-0.088545	0.299069	-0.104619	0.303727	-0.094703	0.305840	-0.096204	0.321846	-0.092666	0.323939	-0.090035	0.324589	-0.089446	0.327602	-0.100904	0.328987	-0.099605	0.323540	-0.081147	0.330336	-0.083422	0.323623	-0.076992	0.336390	-0.087760	0.337645	-0.091241	0.325816	-0.072183	0.331403	-0.073042	0.325191	-0.066492	0.339374	-0.068345	0.323109	-0.053180	0.332325	-0.049662	0.333216	-0.046638	0.334705	-0.047454	0.329547	-0.043418	0.317973	-0.044634	0.320382	-0.041477	0.309829	-0.036051	0.302545	-0.049576	0.294701	-0.048748	0.283562	-0.034298	0.280680	-0.040544	0.292871	-0.052384	
-0.228602	0.028738	-0.324502	0.833445	-0.288663	1.283575	-0.215922	1.351611	-0.384425	1.057708	-0.316221	1.513452	-0.369039	1.515239	-0.100297	1.647317	-0.203125	1.738385	-0.539504	1.661220	-0.654491	1.367175	-0.746544	1.755575	-0.859822	1.514228	-0.911189	1.550941	-1.310321	1.462149	-1.362735	1.396436	-1.378903	1.381796	-1.454398	1.669217	-1.488884	1.636435	-1.353096	1.176424	-1.520879	1.233063	-1.356016	1.074311	-1.670302	1.340226	-1.701219	1.426148	-1.410638	0.956580	-1.546879	0.978075	-1.397444	0.818713	-1.739845	0.864436	-1.354698	0.505295	-1.566510	0.425210	-1.586427	0.356101	-1.620669	0.374708	-1.501810	0.283325	-1.239056	0.309416	-1.293704	0.241219	-1.069699	0.128438	-0.920371	0.404076	-0.763247	0.381277	-0.544363	0.093152	-0.487718	0.214407	-0.725859	0.450441	
0.284069	-0.032796	0.264523	-0.110034	0.297726	-0.161304	0.289284	-0.169278	0.309936	-0.134141	0.300881	-0.187797	0.306956	-0.188038	0.276160	-0.203125	0.288172	-0.213154	0.325770	-0.204106	0.338320	-0.171906	0.348346	-0.214307	0.360659	-0.188116	0.366244	-0.192084	0.408012	-0.182997	0.413330	-0.176302	0.414968	-0.174817	0.422649	-0.204005	0.426124	-0.200642	0.412331	-0.154001	0.429364	-0.159734	0.412603	-0.143622	0.444527	-0.170603	0.447667	-0.179320	0.418125	-0.131636	0.432018	-0.133805	0.416680	-0.117535	0.451760	-0.122176	0.411910	-0.085017	0.434171	-0.076563	0.436297	-0.069278	0.439893	-0.071242	0.427423	-0.061558	0.399622	-0.064405	0.405409	-0.056982	0.380774	-0.044418	0.363995	-0.075477	0.346105	-0.073303	0.320921	-0.040409	0.314397	-0.054458	0.341897	-0.081414	
-0.243657	0.030483	-0.333375	0.879852	-0.304090	1.352471	-0.226887	1.424671	-0.405698	1.112793	-0.333350	1.596456	-0.389427	1.598357	-0.104275	1.738385	-0.213154	1.835515	-0.570340	1.753253	-0.692306	1.441307	-0.789934	1.853296	-0.910073	1.597364	-0.964550	1.636287	-1.386728	1.542540	-1.442020	1.473201	-1.459069	1.457762	-1.538729	1.761004	-1.575077	1.726377	-1.431846	1.241234	-1.608752	1.300958	-1.434936	1.133576	-1.766293	1.413940	-1.798888	1.504528	-1.492526	1.009452	-1.636166	1.032115	-1.478606	0.864094	-1.839617	0.912302	-1.433475	0.533580	-1.656892	0.449106	-1.677907	0.376207	-1.714023	0.395836	-1.588659	0.299429	-1.311473	0.326967	-1.369126	0.254980	-1.132610	0.135859	-0.974849	0.427064	-0.808807	0.403064	-0.577462	0.098568	-0.517583	0.226745	-0.769306	0.476197	
0.339713	-0.039246	0.296729	-0.280937	0.354805	-0.415080	0.329871	-0.438481	0.388471	-0.336870	0.364277	-0.493779	0.382380	-0.494444	0.290515	-0.539504	0.325770	-0.570340	0.439757	-0.543403	0.477951	-0.445137	0.508570	-0.574532	0.546169	-0.494592	0.563226	-0.506708	0.689917	-0.479361	0.705841	-0.459301	0.710726	-0.454871	0.733757	-0.542362	0.744098	-0.532203	0.702871	-0.392937	0.753531	-0.410037	0.703769	-0.362118	0.798612	-0.442354	0.807940	-0.468269	0.720228	-0.326568	0.761396	-0.333042	0.716105	-0.284857	0.819781	-0.298655	0.702541	-0.189322	0.767582	-0.164683	0.773755	-0.143426	0.784262	-0.149158	0.747811	-0.120952	0.666804	-0.129138	0.683667	-0.107739	0.612901	-0.071797	0.565026	-0.160261	0.514254	-0.153663	0.443111	-0.060397	0.424664	-0.099975	0.502256	-0.176415	
-0.230788	0.028991	-0.327223	0.841587	-0.290321	1.295141	-0.217071	1.363641	-0.386797	1.067697	-0.318043	1.526598	-0.371215	1.528374	-0.100757	1.661220	-0.204106	1.753253	-0.543403	1.675866	-0.659522	1.378733	-0.752551	1.771154	-0.866994	1.527334	-0.918895	1.564426	-1.321859	1.474823	-1.374738	1.408522	-1.391048	1.393754	-1.467217	1.683739	-1.502001	1.650653	-1.365014	1.186596	-1.534257	1.243732	-1.367965	1.083597	-1.684978	1.351826	-1.716163	1.438494	-1.423064	0.964847	-1.560483	0.986531	-1.409759	0.825788	-1.755117	0.871911	-1.366650	0.509670	-1.580286	0.428898	-1.600375	0.359194	-1.634911	0.377963	-1.515030	0.285792	-1.250014	0.312105	-1.305134	0.243320	-1.079193	0.129560	-0.928565	0.407589	-0.770074	0.384596	-0.549290	0.093963	-0.492150	0.216272	-0.732361	0.454362	
0.358607	-0.041436	0.308672	-0.339950	0.373859	-0.502428	0.343404	-0.530991	0.414718	-0.407127	0.385431	-0.598585	0.407543	-0.599374	0.295271	-0.654491	0.338320	-0.692306	0.477951	-0.659522	0.525136	-0.538601	0.562785	-0.697892	0.609093	-0.599442	0.630092	-0.614360	0.785987	-0.580747	0.805548	-0.556103	0.811545	-0.550664	0.839841	-0.658151	0.852534	-0.645659	0.801902	-0.474643	0.864082	-0.495640	0.803017	-0.436823	0.919412	-0.535304	0.930859	-0.567110	0.823224	-0.393204	0.873732	-0.401154	0.818188	-0.342040	0.945347	-0.358975	0.801624	-0.224942	0.881297	-0.194770	0.888853	-0.168736	0.901724	-0.175756	0.857071	-0.141217	0.757872	-0.151226	0.778522	-0.125053	0.692001	-0.081127	0.633510	-0.189185	0.571516	-0.181070	0.484696	-0.067203	0.462181	-0.115488	0.556859	-0.208813	
-0.182090	0.023347	-0.297549	0.690667	-0.241440	1.071979	-0.182352	1.127237	-0.319474	0.888374	-0.263772	1.258637	-0.306656	1.260091	-0.088545	1.367175	-0.171906	1.441307	-0.445137	1.378733	-0.538601	1.139867	-0.613479	1.455571	-0.705622	1.259145	-0.747408	1.289053	-1.075660	1.215484	-1.119239	1.160907	-1.132703	1.148720	-1.195405	1.387566	-1.224176	1.360450	-1.111244	0.977582	-1.251029	1.024758	-1.113641	0.892485	-1.375542	1.114064	-1.401306	1.185670	-1.159157	0.794372	-1.272694	0.812283	-1.148191	0.679486	-1.433496	0.717589	-1.112758	0.418510	-1.288975	0.351893	-1.305526	0.294408	-1.334017	0.309882	-1.235113	0.233908	-1.016627	0.255556	-1.062061	0.198985	-0.876427	0.105646	-0.752959	0.333542	-0.623180	0.314424	-0.442516	0.076503	-0.395784	0.176529	-0.592269	0.371415	
0.373933	-0.043212	0.317958	-0.387360	0.389081	-0.572396	0.354213	-0.605085	0.435687	-0.463435	0.402332	-0.682509	0.427649	-0.683398	0.299069	-0.746544	0.348346	-0.789934	0.508570	-0.752551	0.562785	-0.613479	0.606235	-0.796730	0.659478	-0.683391	0.683665	-0.700567	0.863052	-0.661924	0.885528	-0.633603	0.892417	-0.627355	0.924938	-0.750877	0.939513	-0.736510	0.881339	-0.540054	0.952746	-0.564169	0.882629	-0.496627	1.016284	-0.609716	1.029429	-0.646239	0.905837	-0.446546	0.963822	-0.455676	0.900069	-0.387815	1.046029	-0.407259	0.881105	-0.253459	0.972485	-0.218858	0.981148	-0.189001	0.995910	-0.197051	0.944693	-0.157446	0.830938	-0.168915	0.854618	-0.138922	0.755491	-0.088612	0.688509	-0.212344	0.617539	-0.203017	0.518176	-0.072673	0.492408	-0.127923	0.600755	-0.234754	
-0.246210	0.030779	-0.337366	0.890167	-0.305821	1.367009	-0.228078	1.439711	-0.408149	1.125656	-0.335251	1.612682	-0.391685	1.614560	-0.104619	1.755575	-0.214307	1.853296	-0.574532	1.771154	-0.697892	1.455571	-0.796730	1.872484	-0.918299	1.613409	-0.973445	1.652804	-1.400499	1.558048	-1.456371	1.487975	-1.473595	1.472377	-1.554097	1.778814	-1.590813	1.743805	-1.446091	1.253643	-1.624800	1.313980	-1.449222	1.144891	-1.783944	1.428112	-1.816870	1.519621	-1.507401	1.019512	-1.652493	1.042407	-1.493348	0.872688	-1.857993	0.921388	-1.447781	0.538868	-1.673424	0.453556	-1.694648	0.379932	-1.731124	0.399757	-1.604512	0.302391	-1.324569	0.330199	-1.382796	0.257498	-1.143937	0.137195	-0.984608	0.431282	-0.816923	0.407042	-0.583296	0.099530	-0.522823	0.228971	-0.777031	0.480896	
0.392610	-0.045377	0.329736	-0.445625	0.407786	-0.658524	0.367495	-0.696285	0.461457	-0.532772	0.423101	-0.785794	0.452358	-0.786808	0.303727	-0.859822	0.360659	-0.910073	0.546169	-0.866994	0.609093	-0.705622	0.659478	-0.918299	0.721512	-0.786624	0.749574	-0.806581	0.957725	-0.761756	0.983782	-0.728923	0.991766	-0.721681	1.029471	-0.864892	1.046362	-0.848226	0.978928	-0.620511	1.061677	-0.648462	0.980431	-0.570192	1.135305	-0.701243	1.150536	-0.743566	1.007330	-0.512165	1.074510	-0.522748	1.000663	-0.444127	1.169743	-0.466660	0.978745	-0.288542	1.084530	-0.248492	1.094556	-0.213932	1.111645	-0.223250	1.052353	-0.177410	0.920685	-0.190674	0.948094	-0.155979	0.833453	-0.097809	0.756018	-0.240834	0.673999	-0.230014	0.559199	-0.079384	0.529426	-0.143208	0.654597	-0.266666	
-0.206408	0.026165	-0.312190	0.765907	-0.266041	1.183384	-0.199830	1.245303	-0.353346	0.977732	-0.291085	1.392582	-0.339143	1.394198	-0.094703	1.514228	-0.188116	1.597364	-0.494592	1.527334	-0.599442	1.259145	-0.683391	1.613409	-0.786624	1.393394	-0.833435	1.426851	-1.198947	1.345290	-1.247176	1.284852	-1.262064	1.271374	-1.331495	1.535782	-1.363275	1.505685	-1.238318	1.082216	-1.392839	1.134375	-1.240990	0.988163	-1.530462	1.233081	-1.558939	1.312223	-1.291301	0.879724	-1.416787	0.899523	-1.279163	0.752742	-1.594520	0.794859	-1.239884	0.464164	-1.434835	0.390460	-1.453159	0.326858	-1.484676	0.343981	-1.375271	0.259897	-1.133486	0.283880	-1.183770	0.221192	-0.977947	0.117622	-0.840871	0.370635	-0.696706	0.349578	-0.495938	0.085243	-0.443990	0.196436	-0.662386	0.412971	
0.401131	-0.046365	0.334992	-0.472072	0.416270	-0.697575	0.373518	-0.737637	0.473146	-0.564207	0.432521	-0.832626	0.463565	-0.833696	0.305840	-0.911189	0.366244	-0.964550	0.563226	-0.918895	0.630092	-0.747408	0.683665	-0.973445	0.749574	-0.833435	0.779552	-0.854643	1.000700	-0.807026	1.028381	-0.772145	1.036863	-0.764452	1.076919	-0.916594	1.094860	-0.898885	1.023225	-0.656993	1.111117	-0.686683	1.024825	-0.603549	1.189321	-0.742744	1.205499	-0.787697	1.053397	-0.541920	1.124747	-0.553161	1.046322	-0.469661	1.225885	-0.493594	1.023065	-0.304451	1.135381	-0.261932	1.146024	-0.225238	1.164168	-0.235132	1.101215	-0.186465	0.961427	-0.200543	0.990526	-0.163717	0.868852	-0.101984	0.786678	-0.253756	0.699650	-0.242259	0.577850	-0.082432	0.546261	-0.150144	0.679061	-0.281140	
-0.212426	0.026863	-0.316114	0.784823	-0.272069	1.211350	-0.204110	1.274902	-0.361651	1.000286	-0.297777	1.426075	-0.347105	1.427731	-0.096204	1.550941	-0.192084	1.636287	-0.506708	1.564426	-0.614360	1.289053	-0.700567	1.652804	-0.806581	1.426851	-0.854643	1.461265	-1.229563	1.377665	-1.278955	1.315763	-1.294199	1.301962	-1.365316	1.572770	-1.397847	1.541925	-1.269881	1.108301	-1.428084	1.161705	-1.272623	1.012010	-1.568985	1.262760	-1.598138	1.343784	-1.324132	0.900993	-1.452603	0.921263	-1.311703	0.770990	-1.634563	0.814109	-1.271468	0.475525	-1.471090	0.400055	-1.489855	0.334928	-1.522127	0.352462	-1.410103	0.266356	-1.162511	0.290922	-1.214004	0.226710	-1.003155	0.120595	-0.862694	0.379855	-0.714952	0.358313	-0.509188	0.087411	-0.455943	0.201379	-0.679785	0.423297	
0.461317	-0.053341	0.389251	-0.678148	0.479555	-1.005370	0.418544	-1.062504	0.560300	-0.815433	0.502734	-1.198153	0.547036	-1.199646	0.321846	-1.310321	0.408012	-1.386728	0.689917	-1.321859	0.785987	-1.075660	0.863052	-1.400499	0.957725	-1.198947	1.000700	-1.229563	1.324112	-1.159516	1.364568	-1.108524	1.376979	-1.097266	1.435826	-1.320545	1.462089	-1.294502	1.357013	-0.940199	1.485462	-0.983623	1.359442	-0.862153	1.599738	-1.065519	1.623369	-1.131182	1.401215	-0.772191	1.505325	-0.788625	1.391017	-0.666825	1.652780	-0.701755	1.357518	-0.426467	1.520634	-0.364750	1.536054	-0.311480	1.562406	-0.325840	1.470960	-0.255235	1.268107	-0.275606	1.310331	-0.222322	1.134455	-0.133205	1.015907	-0.352081	0.890519	-0.335251	0.715230	-0.105047	0.669765	-0.202429	0.860826	-0.391107	
-0.200055	0.025429	-0.301920	0.739002	-0.258350	1.142222	-0.194324	1.202097	-0.342774	0.943354	-0.282568	1.344516	-0.329041	1.346079	-0.092666	1.462149	-0.182997	1.542540	-0.479361	1.474823	-0.580747	1.215484	-0.661924	1.558048	-0.761756	1.345290	-0.807026	1.377665	-1.159516	1.299234	-1.206060	1.240915	-1.220417	1.227920	-1.287257	1.482590	-1.317902	1.453634	-1.197528	1.045424	-1.346608	1.095735	-1.200072	0.954658	-1.479395	1.190986	-1.506874	1.267358	-1.248611	0.849999	-1.369736	0.869103	-1.236867	0.727411	-1.541327	0.768067	-1.198879	0.448708	-1.387207	0.377505	-1.404915	0.316061	-1.435361	0.332604	-1.329676	0.251366	-1.096087	0.274538	-1.144667	0.213963	-0.945777	0.113874	-0.813313	0.358385	-0.673988	0.338039	-0.479945	0.082573	-0.429739	0.190047	-0.640822	0.399315	
0.468096	-0.054127	0.398569	-0.705036	0.487568	-1.046353	0.424270	-1.105625	0.571318	-0.849324	0.511612	-1.246363	0.557573	-1.247911	0.323939	-1.362735	0.413330	-1.442020	0.705841	-1.374738	0.805548	-1.119239	0.885528	-1.456371	0.983782	-1.247176	1.028381	-1.278955	1.364568	-1.206060	1.406983	-1.152725	1.419821	-1.141063	1.481159	-1.373875	1.508564	-1.346752	1.398995	-0.977358	1.532878	-1.022612	1.401548	-0.896025	1.651973	-1.107961	1.676608	-1.176399	1.445091	-0.802280	1.553568	-0.819410	1.434491	-0.692510	1.707182	-0.728905	1.399674	-0.442215	1.569475	-0.377974	1.585520	-0.322525	1.612952	-0.337472	1.517754	-0.263988	1.306619	-0.285180	1.350566	-0.229751	1.167643	-0.137087	1.044391	-0.364635	0.914058	-0.347092	0.731892	-0.107823	0.684643	-0.209013	0.883189	-0.405120	
-0.191395	0.024425	-0.290557	0.705264	-0.248260	1.090910	-0.187115	1.148092	-0.328901	0.900979	-0.271388	1.284100	-0.315770	1.285593	-0.090035	1.396436	-0.176302	1.473201	-0.459301	1.408522	-0.556103	1.160907	-0.633603	1.487975	-0.728923	1.284852	-0.772145	1.315763	-1.108524	1.240915	-1.152725	1.185535	-1.166498	1.173045	-1.230202	1.415750	-1.259419	1.388156	-1.144685	0.998861	-1.286968	1.046876	-1.147075	0.912208	-1.413723	1.137808	-1.439944	1.210707	-1.193399	0.812282	-1.309059	0.830515	-1.182161	0.695206	-1.472942	0.734029	-1.145827	0.428946	-1.325781	0.360904	-1.342707	0.302190	-1.371800	0.317998	-1.270815	0.240367	-1.047602	0.262509	-1.094023	0.204624	-0.903970	0.108983	-0.777405	0.342614	-0.644286	0.323161	-0.458875	0.079069	-0.410908	0.181763	-0.612595	0.381709	
0.470100	-0.054359	0.401585	-0.713299	0.490032	-1.059020	0.426033	-1.118947	0.574702	-0.859817	0.514341	-1.261244	0.560810	-1.262809	0.324589	-1.378903	0.414968	-1.459069	0.710726	-1.391048	0.811545	-1.132703	0.892417	-1.473595	0.991766	-1.262064	1.036863	-1.294199	1.376979	-1.220417	1.419821	-1.166498	1.433020	-1.154533	1.495020	-1.390315	1.522776	-1.362866	1.411840	-0.988844	1.547406	-1.034663	1.414428	-0.906492	1.667997	-1.121085	1.692929	-1.190372	1.458521	-0.811574	1.568352	-0.828918	1.447797	-0.700437	1.723879	-0.737288	1.412574	-0.447064	1.584443	-0.382043	1.600681	-0.325919	1.628447	-0.341047	1.532088	-0.266673	1.318392	-0.288120	1.362872	-0.232028	1.177775	-0.138271	1.053073	-0.368490	0.921217	-0.350725	0.736935	-0.108666	0.689137	-0.211028	0.889986	-0.409421	
-0.189555	0.024212	-0.287869	0.697774	-0.246027	1.079446	-0.185518	1.136034	-0.325832	0.891487	-0.268914	1.270628	-0.312835	1.272106	-0.089446	1.381796	-0.174817	1.457762	-0.454871	1.393754	-0.550664	1.148720	-0.627355	1.472377	-0.721681	1.271374	-0.764452	1.301962	-1.097266	1.227920	-1.141063	1.173045	-1.154533	1.160897	-1.217624	1.400859	-1.246523	1.373562	-1.133032	0.988470	-1.273793	1.035970	-1.135390	0.902739	-1.399191	1.125932	-1.425149	1.198067	-1.181217	0.803873	-1.295653	0.821912	-1.170091	0.688033	-1.457807	0.726445	-1.134125	0.424555	-1.312208	0.357220	-1.328959	0.299116	-1.357750	0.314760	-1.257815	0.237933	-1.036919	0.259845	-1.082858	0.202560	-0.894772	0.107908	-0.769519	0.339121	-0.637779	0.319868	-0.454283	0.078303	-0.406813	0.179936	-0.606416	0.377811	
0.480230	-0.055534	0.414380	-0.752177	0.501609	-1.117974	0.434302	-1.180995	0.590626	-0.908507	0.527171	-1.330655	0.576043	-1.332299	0.327602	-1.454398	0.422649	-1.538729	0.733757	-1.467217	0.839841	-1.195405	0.924938	-1.554097	1.029471	-1.331495	1.076919	-1.365316	1.435826	-1.287257	1.481159	-1.230202	1.495020	-1.217624	1.560965	-1.467290	1.590171	-1.438084	1.472727	-1.042287	1.616082	-1.090765	1.475483	-0.955219	1.743611	-1.182142	1.769973	-1.255401	1.522109	-0.854875	1.638209	-0.873214	1.510806	-0.737414	1.802578	-0.776367	1.473682	-0.469769	1.655158	-0.401119	1.672294	-0.341863	1.701612	-0.357834	1.599861	-0.279322	1.374260	-0.301952	1.421216	-0.242773	1.225976	-0.143910	1.094501	-0.386621	0.955520	-0.367835	0.761323	-0.112713	0.710954	-0.220566	0.922594	-0.429664	
-0.227339	0.028591	-0.337942	0.845472	-0.290024	1.304040	-0.216945	1.372378	-0.386337	1.077095	-0.317667	1.534944	-0.370711	1.536723	-0.100904	1.669217	-0.204005	1.761004	-0.542362	1.683739	-0.658151	1.387566	-0.750877	1.778814	-0.864892	1.535782	-0.916594	1.572770	-1.320545	1.482590	-1.373875	1.415750	-1.390315	1.400859	-1.467290	1.693540	-1.502247	1.660001	-1.364075	1.192156	-1.534561	1.249728	-1.367094	1.088433	-1.686381	1.358596	-1.717785	1.445880	-1.422603	0.968866	-1.560948	0.990708	-1.409268	0.828905	-1.756831	0.875340	-1.366066	0.510994	-1.580782	0.429827	-1.600957	0.359779	-1.635667	0.378639	-1.515171	0.286035	-1.248885	0.312452	-1.304267	0.243402	-1.077531	0.129292	-0.926469	0.408089	-0.767589	0.384933	-0.546341	0.093614	-0.489079	0.216155	-0.729771	0.454804	
0.484408	-0.056018	0.421015	-0.769796	0.506831	-1.145055	0.438042	-1.209461	0.597798	-0.930988	0.532953	-1.362418	0.582900	-1.364098	0.328987	-1.488884	0.426124	-1.575077	0.744098	-1.502001	0.852534	-1.224176	0.939513	-1.590813	1.046362	-1.363275	1.094860	-1.397847	1.462089	-1.317902	1.508564	-1.259419	1.522776	-1.246523	1.590171	-1.502247	1.620512	-1.472667	1.499926	-1.066762	1.646883	-1.116461	1.502761	-0.977514	1.777617	-1.210131	1.804641	-1.285226	1.550562	-0.874663	1.669556	-0.893463	1.538996	-0.754284	1.838004	-0.794209	1.501010	-0.480074	1.686894	-0.409761	1.704440	-0.349068	1.734471	-0.365426	1.630245	-0.285018	1.399187	-0.308188	1.447278	-0.247599	1.247413	-0.146411	1.112857	-0.394801	0.970641	-0.375542	0.771949	-0.114492	0.720415	-0.224832	0.936945	-0.438788	
-0.222649	0.028048	-0.332916	0.828525	-0.284937	1.278572	-0.213321	1.345543	-0.379333	1.056162	-0.312026	1.504852	-0.364008	1.506596	-0.099605	1.636435	-0.200642	1.726377	-0.532203	1.650653	-0.645659	1.360450	-0.736510	1.743805	-0.848226	1.505685	-0.898885	1.541925	-1.294502	1.453634	-1.346752	1.388156	-1.362866	1.373562	-1.438084	1.660001	-1.472667	1.627614	-1.337157	1.168954	-1.504289	1.225390	-1.340101	1.067262	-1.653129	1.332125	-1.683920	1.417699	-1.394520	0.950032	-1.530163	0.971446	-1.381439	0.812799	-1.722232	0.858327	-1.339069	0.501062	-1.549620	0.421469	-1.569403	0.352780	-1.603441	0.371274	-1.485282	0.280467	-1.224163	0.306369	-1.278470	0.238664	-1.056156	0.126785	-0.908056	0.400120	-0.752294	0.377403	-0.535392	0.091806	-0.479256	0.211938	-0.715218	0.445899	
0.466767	-0.053973	0.397037	-0.700074	0.486069	-1.038840	0.423197	-1.097714	0.569260	-0.843131	0.509952	-1.237506	0.555605	-1.239044	0.323540	-1.353096	0.412331	-1.431846	0.702871	-1.365014	0.801902	-1.111244	0.881339	-1.446091	0.978928	-1.238318	1.023225	-1.269881	1.357013	-1.197528	1.398995	-1.144685	1.411840	-1.133032	1.472727	-1.364075	1.499926	-1.337157	1.391236	-0.970505	1.524082	-1.015434	1.393724	-0.889790	1.642296	-1.100154	1.666746	-1.168079	1.436942	-0.796743	1.544614	-0.813742	1.426417	-0.687782	1.697100	-0.723912	1.391843	-0.439315	1.560415	-0.375539	1.576346	-0.320491	1.603579	-0.335330	1.509071	-0.262374	1.299459	-0.283415	1.343089	-0.228380	1.161462	-0.136367	1.039072	-0.362321	0.909648	-0.344908	0.728747	-0.107304	0.681825	-0.207794	0.878994	-0.402537	
-0.164533	0.021311	-0.248881	0.593008	-0.214757	0.918420	-0.163122	0.966712	-0.282883	0.758002	-0.234289	1.081561	-0.271768	1.082824	-0.081147	1.176424	-0.154001	1.241234	-0.392937	1.186596	-0.474643	0.977582	-0.540054	1.253643	-0.620511	1.082216	-0.656993	1.108301	-0.940199	1.045424	-0.977358	0.998861	-0.988844	0.988470	-1.042287	1.192156	-1.066762	1.168954	-0.970505	0.842543	-1.089872	0.882708	-0.972478	0.769756	-1.196146	0.958984	-1.218097	1.020118	-1.011293	0.685836	-1.108479	0.701126	-1.001739	0.587387	-1.246318	0.620008	-0.970918	0.363053	-1.122711	0.305640	-1.137012	0.256105	-1.161554	0.269442	-1.076379	0.203926	-0.888032	0.222615	-0.927201	0.173740	-0.766715	0.092960	-0.659850	0.290280	-0.547420	0.273847	-0.390756	0.067669	-0.350246	0.154453	-0.520653	0.323329	
0.487232	-0.056345	0.428776	-0.785639	0.511651	-1.170355	0.441521	-1.236014	0.604393	-0.952121	0.538278	-1.391953	0.589199	-1.393667	0.330336	-1.520879	0.429364	-1.608752	0.753531	-1.534257	0.864082	-1.251029	0.952746	-1.624800	1.061677	-1.392839	1.111117	-1.428084	1.485462	-1.346608	1.532878	-1.286968	1.547406	-1.273793	1.616082	-1.534561	1.646883	-1.504289	1.524082	-1.089872	1.674502	-1.140650	1.526932	-0.998525	1.808253	-1.236577	1.835948	-1.313475	1.575873	-0.893256	1.697652	-0.912493	1.564067	-0.770070	1.870031	-0.810939	1.525285	-0.489598	1.715352	-0.417709	1.733286	-0.355654	1.763992	-0.372378	1.657416	-0.290176	1.421192	-0.313852	1.470358	-0.251941	1.266165	-0.148587	1.128743	-0.402251	0.983531	-0.382533	0.780692	-0.115998	0.728081	-0.228628	0.949119	-0.447079	
-0.171493	0.022118	-0.259561	0.621923	-0.223381	0.962804	-0.169293	1.013388	-0.294732	0.794777	-0.243840	1.133695	-0.283099	1.135017	-0.083422	1.233063	-0.159734	1.300958	-0.410037	1.243732	-0.495640	1.024758	-0.564169	1.313980	-0.648462	1.134375	-0.686683	1.161705	-0.983623	1.095735	-1.022612	1.046876	-1.034663	1.035970	-1.090765	1.249728	-1.116461	1.225390	-1.015434	0.882708	-1.140650	0.925062	-1.017508	0.806399	-1.252231	1.005010	-1.275279	1.069170	-1.058251	0.718369	-1.160182	0.734420	-1.048261	0.615138	-1.304702	0.649348	-1.016021	0.380026	-1.175056	0.319879	-1.190033	0.267983	-1.215746	0.281957	-1.126505	0.213323	-0.929189	0.232900	-0.970224	0.181706	-0.802125	0.097098	-0.690185	0.303772	-0.572424	0.286562	-0.408352	0.070614	-0.365919	0.161498	-0.544389	0.338382	
0.467373	-0.054043	0.397263	-0.701698	0.486500	-1.041091	0.423494	-1.100090	0.569862	-0.844971	0.510433	-1.240180	0.556183	-1.241721	0.323623	-1.356016	0.412603	-1.434936	0.703769	-1.367965	0.803017	-1.113641	0.882629	-1.449222	0.980431	-1.240990	1.024825	-1.272623	1.359442	-1.200072	1.401548	-1.147075	1.414428	-1.135390	1.475483	-1.367094	1.502761	-1.340101	1.393724	-0.972478	1.526932	-1.017508	1.396341	-0.891580	1.645427	-1.102427	1.669948	-1.170516	1.439618	-0.798345	1.547508	-0.815374	1.429075	-0.689166	1.700291	-0.725366	1.394427	-0.440198	1.563343	-0.376292	1.579307	-0.321131	1.606596	-0.336000	1.511896	-0.262895	1.301854	-0.283978	1.345574	-0.228828	1.163565	-0.136619	1.040914	-0.363055	0.911213	-0.345608	0.729922	-0.107492	0.682898	-0.208199	0.880493	-0.403362	
-0.152273	0.019890	-0.229291	0.541038	-0.199181	0.838356	-0.151958	0.882522	-0.261498	0.691634	-0.217045	0.987556	-0.251322	0.988712	-0.076992	1.074311	-0.143622	1.133576	-0.362118	1.083597	-0.436823	0.892485	-0.496627	1.144891	-0.570192	0.988163	-0.603549	1.012010	-0.862153	0.954658	-0.896025	0.912208	-0.906492	0.902739	-0.955219	1.088433	-0.977514	1.067262	-0.889790	0.769756	-0.998525	0.806399	-0.891580	0.703562	-1.095320	0.875881	-1.115315	0.931565	-0.926921	0.627041	-1.015504	0.640958	-0.918150	0.537268	-1.141206	0.566998	-0.889891	0.332451	-1.028579	0.279983	-1.041660	0.234719	-1.064084	0.246908	-0.986267	0.187027	-0.814141	0.204110	-0.849936	0.159424	-0.703193	0.085550	-0.605481	0.266000	-0.502660	0.250975	-0.359346	0.062404	-0.322298	0.141802	-0.478182	0.296249	
0.505425	-0.058454	0.457118	-0.861841	0.534420	-1.287508	0.457832	-1.359204	0.635662	-1.049232	0.563488	-1.529511	0.619096	-1.531381	0.336390	-1.670302	0.444527	-1.766293	0.798612	-1.684978	0.919412	-1.375542	1.016284	-1.783944	1.135305	-1.530462	1.189321	-1.568985	1.599738	-1.479395	1.651973	-1.413723	1.667997	-1.399191	1.743611	-1.686381	1.777617	-1.653129	1.642296	-1.196146	1.808253	-1.252231	1.645427	-1.095320	1.956164	-1.358175	1.986584	-1.443018	1.699480	-0.979161	1.833823	-1.000406	1.686537	-0.843311	2.023915	-0.888399	1.644011	-0.534345	1.853213	-0.455234	1.872929	-0.386943	1.906727	-0.405345	1.789409	-0.314912	1.529496	-0.340935	1.583589	-0.272903	1.359313	-0.159457	1.208514	-0.437780	1.049253	-0.416009	0.826894	-0.123731	0.769221	-0.247163	1.011498	-0.486710	
-0.184410	0.023615	-0.280102	0.676511	-0.239703	1.046832	-0.180985	1.101744	-0.317147	0.864438	-0.261912	1.232351	-0.304532	1.233786	-0.087760	1.340226	-0.170603	1.413940	-0.442354	1.351826	-0.535304	1.114064	-0.609716	1.428112	-0.701243	1.233081	-0.742744	1.262760	-1.065519	1.190986	-1.107961	1.137808	-1.121085	1.125932	-1.182142	1.358596	-1.210131	1.332125	-1.100154	0.958984	-1.236577	1.005010	-1.102427	0.875881	-1.358175	1.092293	-1.383245	1.162118	-1.146834	0.780035	-1.257785	0.797518	-1.136027	0.667708	-1.415028	0.704952	-1.101100	0.412137	-1.273875	0.346806	-1.290132	0.290432	-1.318065	0.305610	-1.221111	0.231067	-1.006786	0.252327	-1.051359	0.196739	-0.868843	0.104885	-0.747298	0.329260	-0.619453	0.310576	-0.441371	0.076147	-0.395304	0.174785	-0.589017	0.366812	
0.509191	-0.058891	0.462970	-0.877609	0.539132	-1.311750	0.461209	-1.384695	0.642133	-1.069327	0.568706	-1.557973	0.625283	-1.559876	0.337645	-1.701219	0.447667	-1.798888	0.807940	-1.716163	0.930859	-1.401306	1.029429	-1.816870	1.150536	-1.558939	1.205499	-1.598138	1.623369	-1.506874	1.676608	-1.439944	1.692929	-1.425149	1.769973	-1.717785	1.804641	-1.683920	1.666746	-1.218097	1.835948	-1.275279	1.669948	-1.115315	1.986584	-1.383245	2.018752	-1.470369	1.725069	-0.996917	1.861995	-1.018578	1.711875	-0.858460	2.055734	-0.904412	1.668573	-0.543602	1.881735	-0.462996	1.901819	-0.393415	1.936258	-0.412164	1.816716	-0.320029	1.551902	-0.346537	1.607014	-0.277239	1.378584	-0.161705	1.225018	-0.445130	1.062851	-0.422934	0.836454	-0.125331	0.777733	-0.250997	1.024403	-0.494908	
-0.194788	0.024818	-0.296529	0.720289	-0.252793	1.114205	-0.190364	1.172587	-0.335124	0.920290	-0.276405	1.311453	-0.321719	1.312978	-0.091241	1.426148	-0.179320	1.504528	-0.468269	1.438494	-0.567110	1.185670	-0.646239	1.519621	-0.743566	1.312223	-0.787697	1.343784	-1.131182	1.267358	-1.176399	1.210707	-1.190372	1.198067	-1.255401	1.445880	-1.285226	1.417699	-1.168079	1.020118	-1.313475	1.069170	-1.170516	0.931565	-1.443018	1.162118	-1.470369	1.237049	-1.217867	0.829458	-1.336042	0.848094	-1.206400	0.709847	-1.503475	0.749517	-1.169318	0.437877	-1.353106	0.368389	-1.370389	0.308427	-1.400101	0.324571	-1.296964	0.245290	-1.069006	0.267900	-1.116415	0.208791	-0.922343	0.111129	-0.793101	0.349692	-0.657173	0.329825	-0.467861	0.080585	-0.418882	0.185437	-0.624812	0.389602	
0.474059	-0.054818	0.407620	-0.729592	0.494803	-1.083919	0.429436	-1.145123	0.581270	-0.880475	0.519628	-1.290465	0.567091	-1.292064	0.325816	-1.410638	0.418125	-1.492526	0.720228	-1.423064	0.823224	-1.159157	0.905837	-1.507401	1.007330	-1.291301	1.053397	-1.324132	1.401215	-1.248611	1.445091	-1.193399	1.458521	-1.181217	1.522109	-1.422603	1.550562	-1.394520	1.436942	-1.011293	1.575873	-1.058251	1.439618	-0.926921	1.699480	-1.146834	1.725069	-1.217867	1.484888	-0.829700	1.597319	-0.847453	1.473902	-0.715916	1.756551	-0.753646	1.437882	-0.456561	1.613786	-0.390018	1.630401	-0.332580	1.658819	-0.348062	1.560196	-0.271950	1.341503	-0.293890	1.387023	-0.236504	1.197674	-0.140604	1.070130	-0.376057	0.935289	-0.357860	0.746858	-0.110327	0.697982	-0.214986	0.903347	-0.417867	
-0.138236	0.018263	-0.206605	0.481187	-0.181204	0.746046	-0.139068	0.785457	-0.236822	0.615116	-0.197145	0.879172	-0.227729	0.880204	-0.072183	0.956580	-0.131636	1.009452	-0.326568	0.964847	-0.393204	0.794372	-0.446546	1.019512	-0.512165	0.879724	-0.541920	0.900993	-0.772191	0.849999	-0.802280	0.812282	-0.811574	0.803873	-0.854875	0.968866	-0.874663	0.950032	-0.796743	0.685836	-0.893256	0.718369	-0.798345	0.627041	-0.979161	0.780035	-0.996917	0.829458	-0.829700	0.559234	-0.908353	0.571511	-0.821847	0.479429	-1.020027	0.505814	-0.796539	0.297157	-0.920100	0.250399	-0.931772	0.210065	-0.951752	0.220927	-0.882429	0.167551	-0.729027	0.182781	-0.760928	0.142928	-0.630043	0.077019	-0.542886	0.238011	-0.451148	0.224611	-0.323230	0.056347	-0.290173	0.127227	-0.429309	0.265034	
0.490156	-0.056684	0.434033	-0.798753	0.515632	-1.190734	0.444376	-1.257444	0.609854	-0.969010	0.542683	-1.415887	0.594420	-1.417628	0.331403	-1.546879	0.432018	-1.636166	0.761396	-1.560483	0.873732	-1.272694	0.963822	-1.652493	1.074510	-1.416787	1.124747	-1.452603	1.505325	-1.369736	1.553568	-1.309059	1.568352	-1.295653	1.638209	-1.560948	1.669556	-1.530163	1.544614	-1.108479	1.697652	-1.160182	1.547508	-1.015504	1.833823	-1.257785	1.861995	-1.336042	1.597319	-0.908353	1.721318	-0.927890	1.585303	-0.782945	1.896773	-0.824536	1.545867	-0.497444	1.739311	-0.424281	1.757558	-0.361127	1.788810	-0.378147	1.680338	-0.294493	1.439937	-0.318582	1.489971	-0.255593	1.282245	-0.150463	1.142470	-0.408461	0.994790	-0.388379	0.788526	-0.117322	0.735026	-0.231847	0.959791	-0.454004	
