0.531566	-0.040904	0.594926	-0.050842	0.584840	-0.075625	0.640378	-0.105694	0.633705	-0.119520	0.671180	-0.108716	0.697748	-0.053701	0.732364	-0.087412	0.742431	-0.073611	0.756780	-0.124666	0.783515	-0.079889	0.797548	-0.107039	0.800782	-0.093324	0.807661	-0.096652	0.716446	-0.173075	0.767838	-0.186039	0.771606	-0.213318	0.798958	-0.216356	0.761680	-0.237351	0.836247	-0.191982	0.696989	-0.248440	0.761954	-0.257823	0.796150	-0.267596	0.769320	-0.298645	0.765962	-0.302099	0.827044	-0.287634	0.755934	-0.315859	0.834062	-0.304574	0.793806	-0.349373	0.820907	-0.342193	0.787105	-0.356275	0.797495	-0.373021	0.677793	-0.337345	0.667423	-0.330661	0.663198	-0.272776	0.614596	-0.225701	0.603906	-0.198512	0.594210	-0.236199	0.559609	-0.202522	0.570127	-0.222873	0.570441	-0.246761	0.553980	-0.291310	0.540527	-0.305126	0.571614	-0.335396	0.561389	-0.335535	0.520840	-0.363363	0.541520	-0.380153	0.606184	-0.362298	0.625947	-0.303832	0.647491	-0.378870	
-0.040904	0.005375	-0.045742	0.006134	-0.044972	0.008026	-0.049213	0.010322	-0.048703	0.011378	-0.051565	0.010553	-0.053593	0.006352	-0.056237	0.008926	-0.057005	0.007873	-0.058101	0.011771	-0.060142	0.008352	-0.061214	0.010425	-0.061461	0.009378	-0.061986	0.009632	-0.055021	0.015467	-0.058945	0.016457	-0.059233	0.018540	-0.061322	0.018772	-0.058475	0.020375	-0.064169	0.016911	-0.053535	0.021222	-0.058496	0.021939	-0.061107	0.022685	-0.059058	0.025056	-0.058802	0.025319	-0.063466	0.024215	-0.058036	0.026370	-0.064002	0.025508	-0.060928	0.028929	-0.062997	0.028381	-0.060416	0.029456	-0.061210	0.030735	-0.052070	0.028011	-0.051278	0.027500	-0.050955	0.023080	-0.047244	0.019486	-0.046428	0.017410	-0.045688	0.020287	-0.043045	0.017716	-0.043849	0.019270	-0.043873	0.021094	-0.042616	0.024495	-0.041588	0.025550	-0.043962	0.027862	-0.043181	0.027872	-0.040085	0.029997	-0.041664	0.031279	-0.046602	0.029916	-0.048111	0.025452	-0.049756	0.031181	
0.594926	-0.045742	0.754034	-0.070493	0.728818	-0.132454	0.867855	-0.207883	0.851138	-0.242507	0.945009	-0.215428	1.011533	-0.077653	1.098227	-0.162086	1.123436	-0.127525	1.159368	-0.255379	1.226319	-0.143246	1.261459	-0.211235	1.269558	-0.176890	1.286785	-0.185223	1.058363	-0.376603	1.187058	-0.409067	1.196495	-0.477377	1.264990	-0.484986	1.171638	-0.537562	1.358367	-0.423949	1.009639	-0.565329	1.172322	-0.588827	1.257957	-0.613298	1.190768	-0.691052	1.182359	-0.699701	1.335322	-0.663480	1.157250	-0.734158	1.352894	-0.705898	1.252085	-0.818085	1.319952	-0.800103	1.235306	-0.835367	1.261324	-0.877302	0.961570	-0.787963	0.935601	-0.771225	0.925020	-0.626272	0.803304	-0.508384	0.776549	-0.440298	0.752259	-0.534672	0.665614	-0.450341	0.691953	-0.501303	0.692740	-0.561120	0.651519	-0.672680	0.617830	-0.707280	0.695679	-0.783081	0.670073	-0.783431	0.568529	-0.853118	0.620315	-0.895165	0.782249	-0.850451	0.831739	-0.704041	0.885688	-0.891949	
-0.050842	0.006134	-0.070493	0.009425	-0.067402	0.016990	-0.084423	0.026203	-0.082377	0.030441	-0.093858	0.027132	-0.101998	0.010276	-0.112603	0.020604	-0.115688	0.016376	-0.120084	0.032018	-0.128275	0.018299	-0.132575	0.026618	-0.133565	0.022416	-0.135673	0.023435	-0.107727	0.046850	-0.123472	0.050822	-0.124627	0.059179	-0.133007	0.060110	-0.121585	0.066543	-0.144431	0.052643	-0.101765	0.069940	-0.121669	0.072815	-0.132146	0.075809	-0.123926	0.085322	-0.122897	0.086380	-0.141612	0.081949	-0.119825	0.090596	-0.143762	0.087138	-0.131428	0.100864	-0.139731	0.098664	-0.129375	0.102979	-0.132558	0.108109	-0.095884	0.097179	-0.092707	0.095131	-0.091412	0.077396	-0.076522	0.062973	-0.073246	0.054643	-0.070276	0.066190	-0.059675	0.055872	-0.062897	0.062107	-0.062994	0.069426	-0.057950	0.083075	-0.053828	0.087308	-0.063353	0.096582	-0.060220	0.096624	-0.047797	0.105150	-0.054132	0.110294	-0.073944	0.104824	-0.079999	0.086911	-0.086600	0.109901	
0.584840	-0.044972	0.728818	-0.067402	0.706165	-0.123497	0.831731	-0.191630	0.816626	-0.222912	0.901425	-0.198443	0.961514	-0.073993	1.039823	-0.150262	1.062593	-0.119044	1.095049	-0.234531	1.155524	-0.133244	1.187265	-0.194657	1.194581	-0.163634	1.210141	-0.171161	1.003814	-0.344028	1.120060	-0.373352	1.128585	-0.435054	1.190453	-0.441927	1.106132	-0.489417	1.274798	-0.386795	0.959805	-0.514497	1.106750	-0.535723	1.184101	-0.557827	1.123412	-0.628059	1.115816	-0.635872	1.253982	-0.603154	1.093136	-0.666995	1.269854	-0.641469	1.178797	-0.742803	1.240099	-0.726561	1.163641	-0.758413	1.187142	-0.796292	0.916385	-0.715595	0.892928	-0.700476	0.883370	-0.569546	0.773426	-0.463060	0.749263	-0.401561	0.727321	-0.486805	0.649059	-0.410633	0.672850	-0.456664	0.673560	-0.510694	0.636328	-0.611463	0.605897	-0.642716	0.676216	-0.711185	0.653087	-0.711501	0.561365	-0.774448	0.608142	-0.812427	0.754412	-0.772038	0.799115	-0.639791	0.847844	-0.809521	
-0.075625	0.008026	-0.132454	0.016990	-0.123497	0.039161	-0.173102	0.066040	-0.167137	0.078396	-0.200622	0.068737	-0.224356	0.019586	-0.255284	0.049706	-0.264277	0.037376	-0.277096	0.082988	-0.300981	0.042985	-0.313517	0.067240	-0.316406	0.054987	-0.322552	0.057960	-0.241062	0.126235	-0.286974	0.137817	-0.290341	0.162187	-0.314777	0.164901	-0.281473	0.183658	-0.348089	0.143126	-0.223680	0.193564	-0.281718	0.201947	-0.312268	0.210677	-0.288298	0.238416	-0.285298	0.241501	-0.339868	0.228579	-0.276340	0.253794	-0.346137	0.243712	-0.310173	0.283735	-0.334385	0.277320	-0.304187	0.289900	-0.313469	0.304861	-0.206531	0.272989	-0.197267	0.267017	-0.193492	0.215305	-0.150070	0.173249	-0.140524	0.148959	-0.131859	0.182627	-0.100948	0.152542	-0.110345	0.170722	-0.110626	0.192062	-0.095920	0.231862	-0.083901	0.244205	-0.111674	0.271247	-0.102539	0.271372	-0.066313	0.296233	-0.084788	0.311233	-0.142558	0.295281	-0.160214	0.243049	-0.179460	0.310086	
0.640378	-0.049213	0.867855	-0.084423	0.831731	-0.173102	1.032023	-0.281908	1.007897	-0.331784	1.143088	-0.292787	1.238890	-0.094387	1.363730	-0.215971	1.400032	-0.166203	1.451775	-0.350316	1.548186	-0.188841	1.598790	-0.286748	1.610453	-0.237290	1.635260	-0.249289	1.306326	-0.524883	1.491650	-0.571632	1.505240	-0.670001	1.603874	-0.680958	1.469444	-0.756668	1.738341	-0.593063	1.236163	-0.796653	1.470430	-0.830491	1.593746	-0.865731	1.496993	-0.977698	1.484884	-0.990154	1.705154	-0.937993	1.448725	-1.039773	1.730459	-0.999077	1.585291	-1.160629	1.683021	-1.134735	1.561129	-1.185516	1.598595	-1.245904	1.166940	-1.117253	1.129545	-1.093150	1.114308	-0.884414	0.939034	-0.714650	0.900510	-0.616605	0.865527	-0.752506	0.740754	-0.631065	0.778684	-0.704454	0.779817	-0.790593	0.720458	-0.951244	0.671945	-1.001068	0.784049	-1.110223	0.747175	-1.110727	0.600950	-1.211079	0.675523	-1.271626	0.908712	-1.207237	0.979980	-0.996402	1.057668	-1.266997	
-0.105694	0.010322	-0.207883	0.026203	-0.191630	0.066040	-0.281908	0.115349	-0.271046	0.137799	-0.332029	0.120202	-0.375213	0.030734	-0.431513	0.085577	-0.447880	0.063137	-0.471211	0.146154	-0.514682	0.073342	-0.537499	0.117488	-0.542758	0.095188	-0.553943	0.100599	-0.405626	0.224864	-0.489189	0.245942	-0.495317	0.290296	-0.539790	0.295237	-0.479176	0.329374	-0.600421	0.255606	-0.373990	0.347403	-0.479621	0.362661	-0.535224	0.378551	-0.491598	0.429036	-0.486138	0.434652	-0.585457	0.411133	-0.469834	0.457025	-0.596867	0.438676	-0.531412	0.511519	-0.575477	0.499843	-0.520517	0.522740	-0.537410	0.549969	-0.342778	0.491961	-0.325917	0.481093	-0.319046	0.386974	-0.240007	0.310427	-0.222650	0.266217	-0.206868	0.327496	-0.150609	0.272738	-0.167711	0.305830	-0.168222	0.344668	-0.141458	0.417106	-0.119583	0.439572	-0.170132	0.488791	-0.153505	0.489018	-0.087571	0.534268	-0.121196	0.561569	-0.226343	0.532535	-0.258478	0.437469	-0.293507	0.559480	
0.633705	-0.048703	0.851138	-0.082377	0.816626	-0.167137	1.007897	-0.271046	0.984943	-0.318669	1.114003	-0.281431	1.205494	-0.091962	1.324715	-0.208072	1.359383	-0.160544	1.408797	-0.336371	1.500870	-0.182163	1.549195	-0.275664	1.560334	-0.228431	1.584025	-0.239891	1.269894	-0.503081	1.446877	-0.547727	1.459856	-0.641668	1.554051	-0.652132	1.425671	-0.724436	1.682466	-0.568193	1.202888	-0.762621	1.426613	-0.794937	1.544380	-0.828590	1.451980	-0.935519	1.440416	-0.947414	1.650773	-0.897601	1.405885	-0.994800	1.674940	-0.955936	1.536305	-1.110217	1.629637	-1.085489	1.513230	-1.133984	1.549010	-1.191655	1.136781	-1.068793	1.101069	-1.045775	1.086517	-0.846432	0.919137	-0.684310	0.882333	-0.590678	0.848938	-0.720462	0.729781	-0.604491	0.766004	-0.674573	0.767086	-0.756835	0.710398	-0.910255	0.664068	-0.957836	0.771127	-1.062079	0.735912	-1.062560	0.596269	-1.158395	0.667485	-1.216218	0.890178	-1.154726	0.958238	-0.953383	1.032428	-1.211795	
-0.119520	0.011378	-0.242507	0.030441	-0.222912	0.078396	-0.331784	0.137799	-0.318669	0.164971	-0.392244	0.143700	-0.444356	0.035753	-0.512284	0.101919	-0.532031	0.074843	-0.560180	0.175009	-0.612631	0.087158	-0.640159	0.140421	-0.646505	0.113515	-0.660000	0.120044	-0.481050	0.269973	-0.581871	0.295404	-0.589264	0.348917	-0.642921	0.354878	-0.569790	0.396065	-0.716073	0.307064	-0.442884	0.417816	-0.570326	0.436225	-0.637410	0.455395	-0.584776	0.516306	-0.578189	0.523081	-0.698016	0.494706	-0.558519	0.550074	-0.711782	0.527936	-0.632811	0.615820	-0.685976	0.601734	-0.619666	0.629359	-0.640048	0.662210	-0.405227	0.592223	-0.384884	0.579111	-0.376593	0.465559	-0.281229	0.373201	-0.260294	0.319863	-0.241253	0.393793	-0.173383	0.327733	-0.194014	0.367654	-0.194631	0.414510	-0.162342	0.501905	-0.135949	0.529011	-0.196939	0.588397	-0.176878	0.588671	-0.097325	0.643267	-0.137896	0.676207	-0.264756	0.641173	-0.303525	0.526482	-0.345785	0.673680	
0.671180	-0.051565	0.945009	-0.093858	0.901425	-0.200622	1.143088	-0.332029	1.114003	-0.392244	1.277475	-0.345151	1.393199	-0.105353	1.544082	-0.252311	1.587950	-0.192169	1.650475	-0.414666	1.766985	-0.219530	1.828133	-0.337842	1.842228	-0.278075	1.872205	-0.292575	1.474704	-0.625611	1.698660	-0.682103	1.715082	-0.800975	1.834274	-0.814217	1.671825	-0.905707	1.996764	-0.708002	1.389920	-0.954025	1.673016	-0.994918	1.822036	-1.037502	1.705116	-1.172807	1.690482	-1.187859	1.956664	-1.124826	1.646787	-1.247820	1.987243	-1.198642	1.811818	-1.393866	1.929918	-1.362575	1.782619	-1.423941	1.827894	-1.496916	1.306269	-1.341450	1.261077	-1.312322	1.242665	-1.060079	1.030827	-0.854926	0.984315	-0.736436	0.942007	-0.900673	0.791225	-0.753908	0.837060	-0.842605	0.838431	-0.946698	0.766700	-1.140837	0.708073	-1.201047	0.843546	-1.332956	0.798985	-1.333565	0.622279	-1.454836	0.712397	-1.528006	0.994200	-1.450197	1.080328	-1.195403	1.174212	-1.522416	
-0.108716	0.010553	-0.215428	0.027132	-0.198443	0.068737	-0.292787	0.120202	-0.281431	0.143700	-0.345151	0.125383	-0.390274	0.031838	-0.449116	0.089156	-0.466224	0.065704	-0.490605	0.152468	-0.536040	0.076378	-0.559884	0.122512	-0.565380	0.099206	-0.577070	0.104859	-0.422065	0.234726	-0.509395	0.256756	-0.515799	0.303109	-0.562278	0.308273	-0.498931	0.343949	-0.625641	0.266854	-0.389004	0.362790	-0.499396	0.378736	-0.557506	0.395342	-0.511913	0.448103	-0.506207	0.453973	-0.610004	0.429394	-0.489168	0.477354	-0.621928	0.458178	-0.553522	0.534305	-0.599574	0.522103	-0.542135	0.546032	-0.559790	0.574489	-0.356384	0.513866	-0.338761	0.502507	-0.331583	0.404145	-0.248989	0.324147	-0.230844	0.277942	-0.214348	0.341988	-0.155544	0.284752	-0.173420	0.319344	-0.173954	0.359938	-0.145980	0.435643	-0.123120	0.459120	-0.175944	0.510555	-0.158569	0.510792	-0.089667	0.558079	-0.124806	0.586610	-0.234691	0.556272	-0.268277	0.456914	-0.304888	0.584435	
0.697748	-0.053593	1.011533	-0.101998	0.961514	-0.224356	1.238890	-0.375213	1.205494	-0.444356	1.393199	-0.390274	1.526443	-0.114734	1.699727	-0.283587	1.750134	-0.214485	1.821974	-0.470129	1.955835	-0.245920	2.026085	-0.381852	2.042279	-0.313186	2.076718	-0.329845	1.619989	-0.712483	1.877319	-0.777397	1.896190	-0.913973	2.033138	-0.929186	1.846485	-1.034307	2.219835	-0.807146	1.522588	-1.089818	1.847854	-1.136806	2.019073	-1.185734	1.884736	-1.341194	1.867923	-1.358488	2.173756	-1.286066	1.817719	-1.427381	2.208890	-1.370878	2.007334	-1.595183	2.143025	-1.559231	1.973785	-1.629738	2.025804	-1.713583	1.426474	-1.534959	1.374548	-1.501492	1.353390	-1.211674	1.109941	-0.975938	1.056542	-0.839778	1.007908	-1.028494	0.834674	-0.859868	0.887331	-0.961778	0.888906	-1.081375	0.806493	-1.304439	0.739128	-1.373624	0.894795	-1.525198	0.843592	-1.525897	0.640544	-1.665247	0.744096	-1.749324	1.067902	-1.659911	1.166864	-1.367150	1.274739	-1.742891	
-0.053701	0.006352	-0.077653	0.010276	-0.073993	0.019586	-0.094387	0.030734	-0.091962	0.035753	-0.105353	0.031838	-0.114734	0.012574	-0.126983	0.024305	-0.130562	0.019394	-0.135677	0.037548	-0.145191	0.021623	-0.150198	0.031298	-0.151349	0.026411	-0.153803	0.027597	-0.121351	0.054809	-0.139634	0.059425	-0.140976	0.069144	-0.150719	0.070227	-0.137445	0.077705	-0.163999	0.061545	-0.114398	0.081662	-0.137543	0.084997	-0.149724	0.088480	-0.140165	0.099542	-0.138969	0.100772	-0.160730	0.095619	-0.135396	0.105674	-0.163231	0.101654	-0.148889	0.117614	-0.158544	0.115056	-0.146502	0.120073	-0.150203	0.126039	-0.107561	0.113328	-0.103867	0.110947	-0.102371	0.090325	-0.085102	0.073591	-0.081220	0.063926	-0.077815	0.077334	-0.065481	0.065343	-0.069234	0.072586	-0.069344	0.081097	-0.063478	0.096957	-0.058692	0.101872	-0.069749	0.112637	-0.066113	0.112687	-0.051690	0.122585	-0.059045	0.128559	-0.082057	0.122215	-0.089096	0.101392	-0.096769	0.128119	
0.732364	-0.056237	1.098227	-0.112603	1.039823	-0.255284	1.363730	-0.431513	1.324715	-0.512284	1.544082	-0.449116	1.699727	-0.126983	1.902467	-0.324397	1.961333	-0.243623	2.045287	-0.542465	2.201764	-0.280384	2.283861	-0.439255	2.302791	-0.358999	2.343041	-0.378468	1.809205	-0.825691	2.109981	-0.901555	2.132032	-1.061183	2.292088	-1.078966	2.073936	-1.201825	2.510271	-0.936328	1.695378	-1.266701	2.075536	-1.321623	2.275650	-1.378807	2.118643	-1.560502	2.098993	-1.580715	2.456438	-1.496071	2.040316	-1.661234	2.497502	-1.595196	2.261930	-1.857355	2.420521	-1.815336	2.222719	-1.897741	2.283518	-1.995736	1.583043	-1.786968	1.522353	-1.747853	1.497621	-1.409125	1.213064	-1.133589	1.150692	-0.974438	1.093822	-1.195014	0.891350	-0.997922	0.952893	-1.117038	0.954735	-1.256820	0.858413	-1.517534	0.779676	-1.598399	0.961622	-1.775559	0.901775	-1.776377	0.664451	-1.939249	0.785483	-2.037518	1.163948	-1.933012	1.279614	-1.590836	1.405696	-2.029996	
-0.087412	0.008926	-0.162086	0.020604	-0.150262	0.049706	-0.215971	0.085577	-0.208072	0.101919	-0.252311	0.089156	-0.283587	0.024305	-0.324397	0.064163	-0.336257	0.047854	-0.353180	0.107995	-0.384667	0.055248	-0.401211	0.087246	-0.405021	0.071088	-0.413129	0.075012	-0.305653	0.165056	-0.366213	0.180344	-0.370658	0.212498	-0.402902	0.216080	-0.358962	0.240829	-0.446851	0.187343	-0.282699	0.253906	-0.359284	0.264962	-0.399597	0.276483	-0.367966	0.313087	-0.364007	0.317159	-0.436018	0.300107	-0.352187	0.333380	-0.444291	0.320076	-0.396833	0.372891	-0.428782	0.364425	-0.388934	0.381027	-0.401182	0.400769	-0.260068	0.358711	-0.247839	0.350830	-0.242870	0.282591	-0.185545	0.227120	-0.172924	0.195065	-0.161497	0.239496	-0.120698	0.199788	-0.133102	0.223786	-0.133471	0.251949	-0.114064	0.304462	-0.098208	0.320745	-0.134846	0.356419	-0.122795	0.356584	-0.075006	0.389382	-0.099378	0.409174	-0.175611	0.388142	-0.198920	0.319187	-0.224328	0.407690	
0.742431	-0.057005	1.123436	-0.115688	1.062593	-0.264277	1.400032	-0.447880	1.359383	-0.532031	1.587950	-0.466224	1.750134	-0.130562	1.961333	-0.336257	2.022783	-0.252072	2.110215	-0.563491	2.273283	-0.290392	2.358822	-0.455942	2.378550	-0.372312	2.420490	-0.392598	1.864209	-0.858620	2.177619	-0.937674	2.200599	-1.104002	2.367378	-1.122531	2.140062	-1.250551	2.594733	-0.973904	1.745608	-1.318149	2.141728	-1.375379	2.350246	-1.434964	2.186647	-1.624288	2.166171	-1.645349	2.538625	-1.557152	2.105031	-1.729249	2.581413	-1.660439	2.335950	-1.933605	2.501200	-1.889822	2.295093	-1.975687	2.358444	-2.077796	1.628557	-1.860263	1.565318	-1.819505	1.539545	-1.466554	1.243047	-1.179438	1.178064	-1.013602	1.118799	-1.243444	0.907823	-1.038072	0.971950	-1.162193	0.973870	-1.307845	0.873502	-1.579512	0.791458	-1.663773	0.981046	-1.848374	0.918685	-1.849226	0.671393	-2.018940	0.797509	-2.121336	1.191867	-2.012438	1.312388	-1.655897	1.443764	-2.113494	
-0.073611	0.007873	-0.127525	0.016376	-0.119044	0.037376	-0.166203	0.063137	-0.160544	0.074843	-0.192169	0.065704	-0.214485	0.019394	-0.243623	0.047854	-0.252072	0.036320	-0.264165	0.079161	-0.286615	0.041530	-0.298442	0.064367	-0.301157	0.052834	-0.306949	0.055636	-0.230237	0.119919	-0.273479	0.130835	-0.276651	0.153802	-0.299680	0.156361	-0.268301	0.174036	-0.331069	0.135836	-0.213829	0.183381	-0.268531	0.191273	-0.297324	0.199503	-0.274731	0.225649	-0.271903	0.228557	-0.323338	0.216377	-0.263460	0.240143	-0.329247	0.230641	-0.295350	0.268364	-0.318170	0.262318	-0.289708	0.274175	-0.298456	0.288277	-0.197665	0.258236	-0.188928	0.252606	-0.185388	0.203866	-0.144438	0.164269	-0.135395	0.141379	-0.127252	0.173108	-0.098109	0.144750	-0.106970	0.161888	-0.107233	0.182003	-0.093372	0.219503	-0.082050	0.231130	-0.108211	0.256601	-0.099606	0.256720	-0.065483	0.280139	-0.082885	0.294273	-0.137329	0.279261	-0.153981	0.230000	-0.172132	0.293228	
0.756780	-0.058101	1.159368	-0.120084	1.095049	-0.277096	1.451775	-0.471211	1.408797	-0.560180	1.650475	-0.490605	1.821974	-0.135677	2.045287	-0.353180	2.110215	-0.264165	2.202806	-0.593467	2.375186	-0.304674	2.465646	-0.479753	2.486508	-0.391320	2.530853	-0.412775	1.942605	-0.905547	2.274025	-0.989161	2.298339	-1.165034	2.474707	-1.184624	2.234321	-1.320004	2.715151	-1.027452	1.817202	-1.391483	2.236082	-1.452006	2.456582	-1.515015	2.283583	-1.715216	2.261931	-1.737488	2.655784	-1.644223	2.197278	-1.826209	2.701031	-1.753444	2.441464	-2.042307	2.616210	-1.996007	2.398260	-2.086807	2.465251	-2.194783	1.693424	-1.964750	1.626555	-1.921652	1.599290	-1.548420	1.285782	-1.244783	1.217079	-1.069419	1.154402	-1.312469	0.931304	-1.095295	0.999116	-1.226547	1.001147	-1.380570	0.895010	-1.667854	0.808249	-1.756959	1.008737	-1.952175	0.942791	-1.953076	0.681281	-2.132546	0.814648	-2.240828	1.231666	-2.125661	1.359106	-1.748652	1.498023	-2.232516	
-0.124666	0.011771	-0.255379	0.032018	-0.234531	0.082988	-0.350316	0.146154	-0.336371	0.175009	-0.414666	0.152468	-0.470129	0.037548	-0.542465	0.107995	-0.563491	0.079161	-0.593467	0.185861	-0.649322	0.092281	-0.678620	0.148995	-0.685380	0.120349	-0.699742	0.127300	-0.509229	0.286901	-0.616550	0.313984	-0.624423	0.370941	-0.681538	0.377286	-0.603694	0.421127	-0.759373	0.326380	-0.468607	0.444279	-0.604264	0.463877	-0.675674	0.484283	-0.619646	0.549120	-0.612634	0.556333	-0.740187	0.526128	-0.591696	0.585066	-0.754841	0.561500	-0.670778	0.655051	-0.727371	0.640057	-0.656786	0.669463	-0.678482	0.704432	-0.428519	0.629935	-0.406860	0.615976	-0.398039	0.495102	-0.296510	0.396783	-0.274230	0.339988	-0.253942	0.418707	-0.181675	0.348362	-0.203642	0.390878	-0.204299	0.440765	-0.169922	0.533803	-0.141827	0.562656	-0.206746	0.625867	-0.185393	0.626159	-0.100714	0.684274	-0.143899	0.719339	-0.278949	0.682056	-0.320229	0.559939	-0.365225	0.716670	
0.783515	-0.060142	1.226319	-0.128275	1.155524	-0.300981	1.548186	-0.514682	1.500870	-0.612631	1.766985	-0.536040	1.955835	-0.145191	2.201764	-0.384667	2.273283	-0.286615	2.375186	-0.649322	2.565311	-0.331165	2.664743	-0.524058	2.687741	-0.426660	2.736568	-0.450288	2.088688	-0.992996	2.453663	-1.085068	2.480433	-1.278745	2.674646	-1.300318	2.409933	-1.449397	2.939401	-1.127244	1.950607	-1.528104	2.411873	-1.594756	2.654686	-1.664140	2.464181	-1.884599	2.440339	-1.909124	2.874046	-1.806422	2.369143	-2.006823	2.923871	-1.926696	2.638039	-2.244788	2.830466	-2.193804	2.590462	-2.293791	2.664232	-2.412693	1.814303	-2.159384	1.740667	-2.111924	1.710639	-1.700925	1.365414	-1.366543	1.289779	-1.173426	1.220741	-1.441081	0.975062	-1.201921	1.049737	-1.346463	1.051974	-1.516075	0.935095	-1.832438	0.839552	-1.930562	1.060332	-2.145536	0.987711	-2.146527	0.699733	-2.344162	0.846599	-2.463403	1.305820	-2.336577	1.446155	-1.921419	1.599129	-2.454244	
-0.079889	0.008352	-0.143246	0.018299	-0.133244	0.042985	-0.188841	0.073342	-0.182163	0.087158	-0.219530	0.076378	-0.245920	0.021623	-0.280384	0.055248	-0.290392	0.041530	-0.304674	0.092281	-0.331165	0.047929	-0.345181	0.074788	-0.348379	0.061163	-0.355229	0.064469	-0.264552	0.140452	-0.315674	0.153353	-0.319424	0.180501	-0.346645	0.183526	-0.309551	0.204420	-0.383751	0.159265	-0.245165	0.215463	-0.309824	0.224794	-0.343858	0.234522	-0.317152	0.265426	-0.313810	0.268864	-0.374607	0.254467	-0.303830	0.282559	-0.381592	0.271327	-0.341524	0.315916	-0.368499	0.308769	-0.334855	0.322786	-0.345196	0.339453	-0.226058	0.303945	-0.215732	0.297291	-0.211544	0.239678	-0.163137	0.192863	-0.152466	0.165803	-0.142828	0.203311	-0.108381	0.169788	-0.118854	0.190048	-0.119166	0.213825	-0.102781	0.258154	-0.089397	0.271900	-0.120324	0.302012	-0.110152	0.302152	-0.069812	0.329837	-0.090385	0.346545	-0.154743	0.328796	-0.174425	0.270571	-0.195879	0.345304	
0.797548	-0.061214	1.261459	-0.132575	1.187265	-0.313517	1.598790	-0.537499	1.549195	-0.640159	1.828133	-0.559884	2.026085	-0.150198	2.283861	-0.401211	2.358822	-0.298442	2.465646	-0.678620	2.664743	-0.345181	2.769284	-0.547314	2.793290	-0.445215	2.844486	-0.469988	2.165343	-1.038897	2.547929	-1.135415	2.575994	-1.338435	2.779577	-1.361046	2.502091	-1.517317	3.057117	-1.179632	2.020610	-1.599817	2.504124	-1.669688	2.758649	-1.742417	2.558956	-1.973510	2.533964	-1.999218	2.988589	-1.891563	2.459335	-2.101629	3.040817	-2.017637	2.741199	-2.351072	2.942908	-2.297628	2.691328	-2.402438	2.768656	-2.527074	1.877732	-2.261548	1.800546	-2.211800	1.769062	-1.780977	1.407208	-1.430450	1.327934	-1.228016	1.255560	-1.508584	0.998028	-1.257885	1.076305	-1.409402	1.078650	-1.587197	0.956132	-1.918825	0.855979	-2.021684	1.087412	-2.247031	1.011287	-2.248069	0.709414	-2.455240	0.863366	-2.580232	1.344736	-2.447283	1.491837	-2.012112	1.652185	-2.570621	
-0.107039	0.010425	-0.211235	0.026618	-0.194657	0.067240	-0.286748	0.117488	-0.275664	0.140421	-0.337842	0.122512	-0.381852	0.031298	-0.439255	0.087246	-0.455942	0.064367	-0.479753	0.148995	-0.524058	0.074788	-0.547314	0.119875	-0.552693	0.097071	-0.564100	0.102589	-0.412891	0.229259	-0.498081	0.250759	-0.504335	0.295978	-0.549681	0.301015	-0.487879	0.335822	-0.611501	0.260604	-0.380631	0.354206	-0.488333	0.369761	-0.545026	0.385963	-0.500544	0.437439	-0.494977	0.443165	-0.596245	0.419185	-0.478353	0.465977	-0.607879	0.447268	-0.541139	0.521541	-0.586070	0.509636	-0.530030	0.532983	-0.547255	0.560746	-0.348804	0.501600	-0.331607	0.490518	-0.324610	0.394552	-0.244003	0.316511	-0.226292	0.271423	-0.210196	0.333917	-0.152817	0.278067	-0.170260	0.311823	-0.170781	0.351431	-0.143487	0.425291	-0.121184	0.448196	-0.172718	0.498374	-0.155768	0.498606	-0.088548	0.544739	-0.122829	0.572575	-0.230044	0.542985	-0.262821	0.446024	-0.298548	0.570470	
0.800782	-0.061461	1.269558	-0.133565	1.194581	-0.316406	1.610453	-0.542758	1.560334	-0.646505	1.842228	-0.565380	2.042279	-0.151349	2.302791	-0.405021	2.378550	-0.301157	2.486508	-0.685380	2.687741	-0.348379	2.793290	-0.552693	2.817872	-0.449447	2.869413	-0.474529	2.183018	-1.049475	2.569665	-1.147016	2.598028	-1.352190	2.803768	-1.375042	2.523338	-1.532970	3.084235	-1.191697	2.036751	-1.616345	2.525394	-1.686957	2.782619	-1.760458	2.580808	-1.994002	2.555550	-2.019983	3.014998	-1.911186	2.480129	-2.123481	3.067781	-2.038597	2.764984	-2.375569	2.968832	-2.321558	2.714584	-2.427480	2.792732	-2.553439	1.892357	-2.285096	1.814352	-2.234820	1.782534	-1.799427	1.416842	-1.445179	1.336729	-1.240598	1.263585	-1.524143	1.003322	-1.270783	1.082429	-1.423908	1.084799	-1.603589	0.960981	-1.938736	0.859765	-2.042686	1.093654	-2.270424	1.016721	-2.271474	0.711645	-2.480843	0.867231	-2.607161	1.353708	-2.472801	1.502369	-2.033014	1.664418	-2.597447	
-0.093324	0.009378	-0.176890	0.022416	-0.163634	0.054987	-0.237290	0.095188	-0.228431	0.113515	-0.278075	0.099206	-0.313186	0.026411	-0.358999	0.071088	-0.372312	0.052834	-0.391320	0.120349	-0.426660	0.061163	-0.445215	0.097071	-0.449447	0.079030	-0.458583	0.083348	-0.337957	0.184395	-0.405940	0.201553	-0.410929	0.237643	-0.447120	0.241664	-0.397798	0.269444	-0.496455	0.209409	-0.312200	0.284120	-0.398160	0.296531	-0.443408	0.309463	-0.407906	0.350548	-0.403462	0.355118	-0.484288	0.335979	-0.390194	0.373325	-0.493574	0.358393	-0.440306	0.417672	-0.476167	0.408171	-0.431440	0.426805	-0.445187	0.448963	-0.286798	0.401757	-0.273072	0.392911	-0.267492	0.316318	-0.203153	0.254047	-0.188999	0.218066	-0.176165	0.267939	-0.130370	0.223368	-0.144293	0.250306	-0.144708	0.281917	-0.122924	0.340861	-0.105126	0.359140	-0.146252	0.399183	-0.132725	0.399369	-0.079082	0.436184	-0.106439	0.458400	-0.192007	0.434789	-0.218168	0.357397	-0.246685	0.456728	
0.807661	-0.061986	1.286785	-0.135673	1.210141	-0.322552	1.635260	-0.553943	1.584025	-0.660000	1.872205	-0.577070	2.076718	-0.153803	2.343041	-0.413129	2.420490	-0.306949	2.530853	-0.699742	2.736568	-0.355229	2.844486	-0.564100	2.869413	-0.458583	2.922639	-0.484158	2.220597	-1.071975	2.615882	-1.171699	2.644878	-1.381454	2.855212	-1.404815	2.568519	-1.566270	3.141877	-1.217356	2.071069	-1.651504	2.570621	-1.723695	2.833589	-1.798836	2.627273	-2.037594	2.601451	-2.064155	3.071156	-1.952929	2.524346	-2.169963	3.125117	-2.083185	2.815560	-2.427680	3.023959	-2.372463	2.764035	-2.480749	2.843928	-2.609520	1.923451	-2.335187	1.843706	-2.283789	1.811173	-1.838675	1.437330	-1.476508	1.355434	-1.267359	1.280654	-1.557236	1.014579	-1.298218	1.095453	-1.454762	1.097876	-1.638456	0.971293	-1.981089	0.867816	-2.087361	1.106929	-2.320186	1.028278	-2.321259	0.716388	-2.535304	0.875448	-2.664443	1.372786	-2.527079	1.524763	-2.077481	1.690427	-2.654505	
-0.096652	0.009632	-0.185223	0.023435	-0.171161	0.057960	-0.249289	0.100599	-0.239891	0.120044	-0.292575	0.104859	-0.329845	0.027597	-0.378468	0.075012	-0.392598	0.055636	-0.412775	0.127300	-0.450288	0.064469	-0.469988	0.102589	-0.474529	0.083348	-0.484158	0.088103	-0.356136	0.195279	-0.428295	0.213492	-0.433591	0.251796	-0.472004	0.256063	-0.419653	0.285548	-0.524363	0.221827	-0.328801	0.301124	-0.420038	0.314299	-0.468063	0.328024	-0.430381	0.371630	-0.425665	0.376481	-0.511451	0.356167	-0.411583	0.395806	-0.521307	0.379956	-0.464770	0.442874	-0.502832	0.432790	-0.455360	0.452567	-0.469951	0.476085	-0.301841	0.425982	-0.287273	0.416594	-0.281349	0.335300	-0.213063	0.269201	-0.198047	0.231011	-0.184422	0.283945	-0.135817	0.236638	-0.150593	0.265230	-0.151034	0.298782	-0.127913	0.361345	-0.109022	0.380746	-0.152674	0.423249	-0.138316	0.423446	-0.081378	0.462523	-0.110416	0.486102	-0.201236	0.461040	-0.229002	0.378901	-0.259267	0.484325	
0.716446	-0.055021	1.058363	-0.107727	1.003814	-0.241062	1.306326	-0.405626	1.269894	-0.481050	1.474704	-0.422065	1.619989	-0.121351	1.809205	-0.305653	1.864209	-0.230237	1.942605	-0.509229	2.088688	-0.264552	2.165343	-0.412891	2.183018	-0.337957	2.220597	-0.356136	1.722263	-0.773651	2.003006	-0.844491	2.023599	-0.993497	2.173019	-1.010096	1.969373	-1.124788	2.376703	-0.876939	1.615979	-1.185358	1.970867	-1.236622	2.157678	-1.290007	2.011106	-1.459624	1.992762	-1.478493	2.326449	-1.399476	1.937986	-1.553661	2.364784	-1.492012	2.144870	-1.736747	2.292920	-1.697520	2.108266	-1.774449	2.165023	-1.865930	1.511107	-1.671040	1.454442	-1.634522	1.431375	-1.318309	1.165649	-1.061119	1.107401	-0.912530	1.054313	-1.118459	0.865286	-0.934456	0.922743	-1.045665	0.924461	-1.176160	0.834540	-1.419539	0.761041	-1.495024	0.930883	-1.660399	0.875017	-1.661163	0.653479	-1.813204	0.766461	-1.904942	1.119788	-1.807405	1.227788	-1.487911	1.345512	-1.897967	
-0.173075	0.015467	-0.376603	0.046850	-0.344028	0.126235	-0.524883	0.224864	-0.503081	0.269973	-0.625611	0.234726	-0.712483	0.054809	-0.825691	0.165056	-0.858620	0.119919	-0.905547	0.286901	-0.992996	0.140452	-1.038897	0.229259	-1.049475	0.184395	-1.071975	0.195279	-0.773651	0.445282	-0.941703	0.487633	-0.954021	0.576825	-1.043445	0.586755	-0.921560	0.655396	-1.165450	0.507105	-0.710083	0.691629	-0.922454	0.722321	-1.034249	0.754265	-0.946539	0.855767	-0.935562	0.867059	-1.135245	0.819774	-0.902783	0.912041	-1.158185	0.875149	-1.026585	1.021603	-1.115181	0.998129	-1.004680	1.044164	-1.038645	1.098908	-0.647327	0.982283	-0.613421	0.960431	-0.599604	0.771200	-0.440693	0.617251	-0.405856	0.528322	-0.374055	0.651578	-0.260906	0.541429	-0.295299	0.608008	-0.296330	0.686115	-0.242505	0.831781	-0.198519	0.876953	-0.300156	0.975914	-0.266725	0.976372	-0.134155	1.067353	-0.201764	1.122248	-0.413186	1.063875	-0.477806	0.872711	-0.548245	1.118060	
0.767838	-0.058945	1.187058	-0.123472	1.120060	-0.286974	1.491650	-0.489189	1.446877	-0.581871	1.698660	-0.509395	1.877319	-0.139634	2.109981	-0.366213	2.177619	-0.273479	2.274025	-0.616550	2.453663	-0.315674	2.547929	-0.498081	2.569665	-0.405940	2.615882	-0.428295	2.003006	-0.941703	2.348384	-1.028821	2.373652	-1.212087	2.557405	-1.232505	2.306958	-1.373547	2.807875	-1.068741	1.872366	-1.448017	2.308796	-1.511079	2.538536	-1.576724	2.358288	-1.785316	2.335729	-1.808520	2.746084	-1.711348	2.268366	-1.900959	2.793225	-1.825146	2.522784	-2.126111	2.704851	-2.077871	2.477769	-2.172475	2.547568	-2.284975	1.743400	-2.045304	1.673734	-2.000401	1.645310	-1.611533	1.318712	-1.295137	1.247144	-1.112432	1.181837	-1.365662	0.949396	-1.139392	1.020047	-1.276140	1.022164	-1.436616	0.911579	-1.735947	0.821179	-1.828791	1.030078	-2.032197	0.961364	-2.033134	0.688884	-2.220132	0.827846	-2.332953	1.262335	-2.212943	1.395103	-1.820169	1.539830	-2.324262	
-0.186039	0.016457	-0.409067	0.050822	-0.373352	0.137817	-0.571632	0.245942	-0.547727	0.295404	-0.682103	0.256756	-0.777397	0.059425	-0.901555	0.180344	-0.937674	0.130835	-0.989161	0.313984	-1.085068	0.153353	-1.135415	0.250759	-1.147016	0.201553	-1.171699	0.213492	-0.844491	0.487633	-1.028821	0.534317	-1.042343	0.632056	-1.140451	0.642933	-1.006750	0.718227	-1.274250	0.555502	-0.774795	0.757968	-1.007734	0.791635	-1.130357	0.826675	-1.034149	0.938009	-1.022109	0.950395	-1.241134	0.898532	-0.986154	0.999734	-1.266298	0.959270	-1.121950	1.119910	-1.219128	1.094162	-1.097923	1.144657	-1.135178	1.204704	-0.705945	1.076782	-0.668758	1.052816	-0.653557	0.845258	-0.479296	0.676279	-0.441104	0.578738	-0.406220	0.713937	-0.282113	0.593121	-0.319836	0.666141	-0.320968	0.751820	-0.261924	0.911632	-0.213662	0.961198	-0.325184	1.069787	-0.288501	1.070287	-0.143037	1.170116	-0.217222	1.230343	-0.449160	1.166267	-0.520029	0.956617	-0.597279	1.225683	
0.771606	-0.059233	1.196495	-0.124627	1.128585	-0.290341	1.505240	-0.495317	1.459856	-0.589264	1.715082	-0.515799	1.896190	-0.140976	2.132032	-0.370658	2.200599	-0.276651	2.298339	-0.624423	2.480433	-0.319424	2.575994	-0.504335	2.598028	-0.410929	2.644878	-0.433591	2.023599	-0.954021	2.373652	-1.042343	2.399407	-1.228102	2.585625	-1.248806	2.331736	-1.391789	2.839515	-1.082788	1.891166	-1.467278	2.333597	-1.531213	2.566495	-1.597761	2.383771	-1.809218	2.360902	-1.832741	2.776899	-1.734231	2.292615	-1.926451	2.824689	-1.849594	2.550528	-2.154697	2.735097	-2.105794	2.504895	-2.201698	2.575652	-2.315744	1.760432	-2.072779	1.689812	-2.027260	1.660993	-1.633047	1.329936	-1.312298	1.257391	-1.127090	1.191188	-1.383793	0.955560	-1.154421	1.027180	-1.293042	1.029326	-1.455719	0.917224	-1.759164	0.825580	-1.853284	1.037352	-2.059487	0.967693	-2.060437	0.691467	-2.250006	0.832339	-2.364375	1.272789	-2.242708	1.407373	-1.844562	1.554079	-2.355549	
-0.213318	0.018540	-0.477377	0.059179	-0.435054	0.162187	-0.670001	0.290296	-0.641668	0.348917	-0.800975	0.303109	-0.913973	0.069144	-1.061183	0.212498	-1.104002	0.153802	-1.165034	0.370941	-1.278745	0.180501	-1.338435	0.295978	-1.352190	0.237643	-1.381454	0.251796	-0.993497	0.576825	-1.212087	0.632056	-1.228102	0.748143	-1.344434	0.760984	-1.185895	0.850272	-1.503054	0.657281	-0.910852	0.897381	-1.187059	0.937316	-1.332460	0.978860	-1.218385	1.110872	-1.204108	1.125558	-1.463811	1.064063	-1.161476	1.184061	-1.493647	1.136082	-1.322491	1.326557	-1.437717	1.296026	-1.294002	1.355900	-1.338176	1.427098	-0.829222	1.275417	-0.785137	1.247002	-0.767094	1.000898	-0.560537	0.800490	-0.515276	0.684843	-0.473907	0.845146	-0.326759	0.701898	-0.371485	0.788472	-0.372828	0.890062	-0.302818	1.079568	-0.245587	1.138344	-0.377834	1.267113	-0.334333	1.267705	-0.161838	1.386084	-0.249809	1.457499	-0.524815	1.381497	-0.608827	1.132963	-0.700405	1.451928	
0.798958	-0.061322	1.264990	-0.133007	1.190453	-0.314777	1.603874	-0.539790	1.554051	-0.642921	1.834274	-0.562278	2.033138	-0.150719	2.292088	-0.402902	2.367378	-0.299680	2.474707	-0.681538	2.674646	-0.346645	2.779577	-0.549681	2.803768	-0.447120	2.855212	-0.472004	2.173019	-1.043445	2.557405	-1.140451	2.585625	-1.344434	2.790340	-1.367160	2.511395	-1.524186	3.069001	-1.184815	2.027596	-1.607072	2.513445	-1.677293	2.769195	-1.750383	2.568546	-1.982582	2.543433	-2.008414	3.000238	-1.900246	2.468446	-2.111319	3.052721	-2.026922	2.751664	-2.361959	2.954341	-2.308258	2.701552	-2.413572	2.779252	-2.538807	1.884037	-2.272002	1.806499	-2.222018	1.774827	-1.789116	1.411396	-1.436844	1.331762	-1.233479	1.259057	-1.515359	1.000320	-1.263490	1.078964	-1.415703	1.081322	-1.594340	0.958219	-1.927576	0.857576	-2.030939	1.090144	-2.257392	1.013644	-2.258434	0.710294	-2.466615	0.864999	-2.592207	1.348649	-2.458567	1.496411	-2.021434	1.657483	-2.582450	
-0.216356	0.018772	-0.484986	0.060110	-0.441927	0.164901	-0.680958	0.295237	-0.652132	0.354878	-0.814217	0.308273	-0.929186	0.070227	-1.078966	0.216080	-1.122531	0.156361	-1.184624	0.377286	-1.300318	0.183526	-1.361046	0.301015	-1.375042	0.241664	-1.404815	0.256063	-1.010096	0.586755	-1.232505	0.642933	-1.248806	0.760984	-1.367160	0.774293	-1.205861	0.864967	-1.528551	0.668640	-0.926001	0.912906	-1.207051	0.953538	-1.354994	0.995821	-1.238927	1.130140	-1.224400	1.145083	-1.488648	1.082511	-1.181020	1.204611	-1.519008	1.155790	-1.344855	1.349600	-1.462098	1.318536	-1.315867	1.379457	-1.360814	1.451902	-0.842944	1.297566	-0.798090	1.268653	-0.779729	1.018230	-0.569587	0.814323	-0.523538	0.696660	-0.481447	0.859761	-0.331730	0.714013	-0.377237	0.802097	-0.378604	0.905462	-0.307370	1.098283	-0.249137	1.158089	-0.383699	1.289112	-0.339437	1.289714	-0.163923	1.410164	-0.253433	1.482827	-0.533241	1.405489	-0.618715	1.152629	-0.711887	1.477145	
0.761680	-0.058475	1.171638	-0.121585	1.106132	-0.281473	1.469444	-0.479176	1.425671	-0.569790	1.671825	-0.498931	1.846485	-0.137445	2.073936	-0.358962	2.140062	-0.268301	2.234321	-0.603694	2.409933	-0.309551	2.502091	-0.487879	2.523338	-0.397798	2.568519	-0.419653	1.969373	-0.921560	2.306958	-1.006750	2.331736	-1.185895	2.511395	-1.205861	2.266622	-1.343766	2.756243	-1.045750	1.841658	-1.416562	2.268362	-1.478235	2.492969	-1.542417	2.316743	-1.746347	2.294688	-1.769033	2.695885	-1.674027	2.228831	-1.859406	2.741976	-1.785284	2.477570	-2.079533	2.655573	-2.032370	2.433560	-2.124862	2.501799	-2.234851	1.715592	-2.000531	1.647479	-1.956632	1.619664	-1.576447	1.300371	-1.267097	1.230399	-1.088477	1.166557	-1.336048	0.939311	-1.114836	1.008383	-1.248524	1.010453	-1.405415	0.902339	-1.698067	0.813954	-1.788842	1.018197	-1.987715	0.951015	-1.988632	0.684607	-2.171463	0.820472	-2.281768	1.245269	-2.164426	1.375071	-1.780429	1.516564	-2.273256	
-0.237351	0.020375	-0.537562	0.066543	-0.489417	0.183658	-0.756668	0.329374	-0.724436	0.396065	-0.905707	0.343949	-1.034307	0.077705	-1.201825	0.240829	-1.250551	0.174036	-1.320004	0.421127	-1.449397	0.204420	-1.517317	0.335822	-1.532970	0.269444	-1.566270	0.285548	-1.124788	0.655396	-1.373547	0.718227	-1.391789	0.850272	-1.524186	0.864967	-1.343766	0.966640	-1.704654	0.746943	-1.030719	1.020206	-1.345086	1.065681	-1.510564	1.112960	-1.380735	1.263202	-1.364487	1.279915	-1.660050	1.209929	-1.315969	1.346496	-1.694005	1.291892	-1.499217	1.508666	-1.630353	1.473921	-1.466794	1.542061	-1.517067	1.623091	-0.937841	1.450465	-0.887675	1.418129	-0.867113	1.138040	-0.632114	0.909924	-0.580625	0.778323	-0.533543	0.960748	-0.366091	0.797733	-0.416988	0.896249	-0.418517	1.011862	-0.338842	1.227544	-0.273704	1.294442	-0.424225	1.441005	-0.374713	1.441677	-0.178383	1.576412	-0.278509	1.657688	-0.591476	1.571165	-0.687067	1.288374	-0.791268	1.651297	
0.836247	-0.064169	1.358367	-0.144431	1.274798	-0.348089	1.738341	-0.600421	1.682466	-0.716073	1.996764	-0.625641	2.219835	-0.163999	2.510271	-0.446851	2.594733	-0.331069	2.715151	-0.759373	2.939401	-0.383751	3.057117	-0.611501	3.084235	-0.496455	3.141877	-0.524363	2.376703	-1.165450	2.807875	-1.274250	2.839515	-1.503054	3.069001	-1.528551	2.756243	-1.704654	3.408871	-1.336841	2.213623	-1.797612	2.758532	-1.876373	3.045374	-1.958339	2.820330	-2.218769	2.792164	-2.247741	3.304506	-2.126420	2.708060	-2.363156	3.363367	-2.268499	3.025709	-2.644267	3.253027	-2.584038	2.969506	-2.702155	3.056652	-2.842615	2.052609	-2.543376	1.965635	-2.487316	1.930111	-2.001792	1.522460	-1.606670	1.433154	-1.378551	1.351581	-1.694735	1.061357	-1.412208	1.149570	-1.582956	1.152216	-1.783326	1.014137	-2.157088	0.901257	-2.273018	1.162099	-2.527000	1.076300	-2.528169	0.736070	-2.761661	0.909583	-2.902526	1.452057	-2.752652	1.617803	-2.262321	1.798476	-2.891613	
-0.191982	0.016911	-0.423949	0.052643	-0.386795	0.143126	-0.593063	0.255606	-0.568193	0.307064	-0.708002	0.266854	-0.807146	0.061545	-0.936328	0.187343	-0.973904	0.135836	-1.027452	0.326380	-1.127244	0.159265	-1.179632	0.260604	-1.191697	0.209409	-1.217356	0.221827	-0.876939	0.507105	-1.068741	0.555502	-1.082788	0.657281	-1.184815	0.668640	-1.045750	0.746943	-1.336841	0.584353	-0.804416	0.788286	-1.046767	0.823316	-1.174344	0.859769	-1.074252	0.975599	-1.061725	0.988485	-1.289598	0.934525	-1.024318	1.039817	-1.315776	0.997718	-1.165598	1.164846	-1.266701	1.138058	-1.140601	1.190593	-1.179360	1.253065	-0.732796	1.119976	-0.694107	1.095041	-0.678312	0.879098	-0.497002	0.703350	-0.457265	0.601868	-0.420968	0.742527	-0.291847	0.616828	-0.331094	0.692803	-0.332271	0.781940	-0.270845	0.948190	-0.220641	0.999749	-0.336647	1.112703	-0.298489	1.113223	-0.147176	1.217067	-0.224345	1.279719	-0.465629	1.213078	-0.539364	0.994951	-0.619737	1.274900	
0.696989	-0.053535	1.009639	-0.101765	0.959805	-0.223680	1.236163	-0.373990	1.202888	-0.442884	1.389920	-0.389004	1.522588	-0.114398	1.695378	-0.282699	1.745608	-0.213829	1.817202	-0.468607	1.950607	-0.245165	2.020610	-0.380631	2.036751	-0.312200	2.071069	-0.328801	1.615979	-0.710083	1.872366	-0.774795	1.891166	-0.910852	2.027596	-0.926001	1.841658	-1.030719	2.213623	-0.804416	1.519070	-1.086003	1.843022	-1.132816	2.013568	-1.181547	1.879764	-1.336390	1.863018	-1.353616	2.167641	-1.281484	1.813012	-1.422238	2.202638	-1.365960	2.001878	-1.589381	2.137034	-1.553570	1.968461	-1.623799	2.020276	-1.707313	1.423297	-1.529404	1.371546	-1.496063	1.350469	-1.207389	1.107710	-0.972545	1.054502	-0.836862	1.006036	-1.024893	0.833438	-0.856882	0.885901	-0.958428	0.887469	-1.077579	0.805370	-1.299786	0.738262	-1.368708	0.893338	-1.519705	0.842329	-1.520405	0.640049	-1.659232	0.743211	-1.743003	1.065867	-1.653966	1.164510	-1.362155	1.272034	-1.736683	
-0.248440	0.021222	-0.565329	0.069940	-0.514497	0.193564	-0.796653	0.347403	-0.762621	0.417816	-0.954025	0.362790	-1.089818	0.081662	-1.266701	0.253906	-1.318149	0.183381	-1.391483	0.444279	-1.528104	0.215463	-1.599817	0.354206	-1.616345	0.284120	-1.651504	0.301124	-1.185358	0.691629	-1.448017	0.757968	-1.467278	0.897381	-1.607072	0.912906	-1.416562	1.020206	-1.797612	0.788286	-1.086003	1.076883	-1.417959	1.124825	-1.592707	1.174760	-1.455599	1.333426	-1.438439	1.351076	-1.750577	1.277161	-1.387200	1.421389	-1.786436	1.363721	-1.580724	1.592650	-1.719213	1.555957	-1.546483	1.627917	-1.599575	1.713491	-0.987888	1.531180	-0.934924	1.497032	-0.913241	1.201245	-0.665134	0.960404	-0.610773	0.821446	-0.561055	1.014072	-0.384240	0.841943	-0.437983	0.945967	-0.439598	1.068045	-0.355465	1.295790	-0.286685	1.366428	-0.445619	1.521182	-0.393340	1.521892	-0.186038	1.664155	-0.291760	1.749971	-0.622206	1.658608	-0.723131	1.360032	-0.833148	1.743214	
