0.104996	-0.012684	0.108716	0.004555	0.105686	-0.027450	0.105888	-0.027426	0.105127	-0.027692	0.105907	-0.027074	0.105838	-0.027012	0.106404	-0.027114	0.106248	-0.026917	0.105800	-0.026994	0.105877	-0.026972	0.105813	-0.027073	0.105831	-0.027016	0.105985	-0.027080	0.108111	-0.026385	0.109676	-0.026671	0.110428	-0.026235	0.110677	-0.026109	0.111237	-0.024075	0.111540	-0.023073	0.108076	-0.022364	0.112360	-0.024297	0.111357	-0.021879	0.112079	-0.021991	0.113979	-0.025427	0.111352	-0.020703	0.113501	-0.021114	0.108717	-0.019589	0.110984	-0.018177	0.112768	-0.018137	0.113059	-0.017660	0.110562	-0.016580	0.113286	-0.017883	0.112504	-0.016958	0.111071	-0.016279	0.108473	-0.016532	0.109890	-0.015171	0.107603	-0.016062	0.107252	-0.016389	0.106867	-0.013938	0.106319	-0.014559	
-0.012684	0.002961	-0.013132	0.000885	-0.012767	0.004739	-0.012791	0.004736	-0.012699	0.004768	-0.012793	0.004693	-0.012785	0.004686	-0.012853	0.004698	-0.012834	0.004674	-0.012780	0.004684	-0.012790	0.004681	-0.012782	0.004693	-0.012784	0.004686	-0.012803	0.004694	-0.013059	0.004610	-0.013247	0.004645	-0.013338	0.004592	-0.013368	0.004577	-0.013435	0.004332	-0.013472	0.004212	-0.013054	0.004126	-0.013570	0.004359	-0.013449	0.004068	-0.013536	0.004081	-0.013765	0.004495	-0.013449	0.003926	-0.013708	0.003976	-0.013132	0.003792	-0.013405	0.003622	-0.013619	0.003617	-0.013654	0.003560	-0.013354	0.003430	-0.013682	0.003587	-0.013588	0.003475	-0.013415	0.003394	-0.013102	0.003424	-0.013273	0.003260	-0.012997	0.003368	-0.012955	0.003407	-0.012909	0.003112	-0.012843	0.003187	
0.108716	-0.013132	0.496508	0.092309	0.403623	-0.337493	0.419548	-0.336243	0.368813	-0.356389	0.422889	-0.305870	0.416474	-0.300466	0.463469	-0.310545	0.459518	-0.288935	0.410442	-0.265892	0.367124	-0.290653	0.393051	-0.233629	0.361437	-0.240936	0.354813	-0.241957	0.316182	-0.252563	0.330485	-0.245807	0.327579	-0.248576	0.326809	-0.249241	0.326275	-0.255400	0.327625	-0.253698	0.335728	-0.262207	0.327577	-0.253775	0.327676	-0.248328	0.332344	-0.247018	0.326264	-0.254326	0.328783	-0.235558	0.350633	-0.239802	0.284388	-0.216191	0.322436	-0.193905	0.355098	-0.191077	0.362081	-0.181904	0.313453	-0.153366	0.365314	-0.186585	0.357836	-0.164593	0.327909	-0.142736	0.239078	-0.151118	0.290556	-0.102451	0.205678	-0.136215	0.192253	-0.148880	0.177633	-0.055291	0.155939	-0.078758	
0.004555	0.000885	0.092309	0.366128	0.059904	0.077369	0.057801	0.077100	0.065778	0.079876	0.057632	0.073516	0.058332	0.072876	0.052524	0.073913	0.054244	0.071960	0.058686	0.073117	0.057282	0.072565	0.058304	0.074404	0.057623	0.073737	0.055943	0.074377	0.033980	0.067138	0.018533	0.070002	0.011198	0.065628	0.008796	0.064373	0.003563	0.044817	0.001054	0.035956	0.033966	0.028123	-0.006413	0.047105	0.002753	0.026095	-0.002873	0.027406	-0.021420	0.057323	0.003065	0.018048	-0.011966	0.020902	0.017392	0.012110	0.005026	0.004025	-0.003996	0.004380	-0.005032	0.002079	0.006830	-0.001023	-0.006421	0.003052	-0.000626	-0.000273	0.005649	-0.001159	0.007533	-0.000896	0.007363	-0.001250	0.007061	-0.001612	0.006886	-0.001818	0.006558	-0.000392	0.006185	-0.000930	
0.105686	-0.012767	0.403623	0.059904	0.361185	-0.294272	0.372019	-0.293389	0.337609	-0.307154	0.374369	-0.272575	0.369957	-0.268867	0.402154	-0.275817	0.399696	-0.260872	0.365758	-0.244349	0.334866	-0.261963	0.353361	-0.221294	0.330759	-0.226502	0.325971	-0.227201	0.297896	-0.235030	0.307766	-0.230245	0.305783	-0.232279	0.305287	-0.232755	0.305177	-0.236670	0.306552	-0.234554	0.311168	-0.241332	0.307068	-0.235428	0.306487	-0.229080	0.311074	-0.227986	0.306996	-0.236647	0.307476	-0.217031	0.328180	-0.221048	0.266347	-0.199114	0.301595	-0.178456	0.331793	-0.175870	0.338223	-0.167394	0.293307	-0.141140	0.341228	-0.171712	0.334210	-0.151456	0.306597	-0.131383	0.225045	-0.139081	0.272286	-0.094426	0.194414	-0.125392	0.182104	-0.137005	0.168716	-0.051207	0.148817	-0.072699	
-0.027450	0.004739	-0.337493	0.077369	-0.294272	0.510318	-0.299393	0.509723	-0.283206	0.516362	-0.300440	0.499733	-0.298359	0.497947	-0.314054	0.501226	-0.312162	0.494366	-0.296578	0.488819	-0.285888	0.495071	-0.292043	0.480975	-0.283408	0.482104	-0.283648	0.483218	-0.302769	0.476801	-0.328747	0.479368	-0.339588	0.473844	-0.343326	0.472133	-0.352684	0.441408	-0.359257	0.422264	-0.304838	0.416856	-0.373762	0.443948	-0.356113	0.396261	-0.373262	0.396944	-0.401176	0.464386	-0.357117	0.363353	-0.415838	0.374639	-0.267721	0.324982	-0.344466	0.278702	-0.407625	0.275095	-0.419641	0.257740	-0.328213	0.210436	-0.426726	0.266255	-0.406111	0.228273	-0.351548	0.194454	-0.216776	0.207311	-0.293415	0.134571	-0.167955	0.184099	-0.148320	0.202566	-0.127109	0.065911	-0.095567	0.099981	
0.105888	-0.012791	0.419548	0.057801	0.372019	-0.299393	0.387150	-0.298184	0.339090	-0.317320	0.390315	-0.269376	0.384228	-0.264248	0.428839	-0.273809	0.425062	-0.253310	0.378508	-0.231493	0.337475	-0.254950	0.362040	-0.200936	0.332126	-0.207878	0.325809	-0.208825	0.288484	-0.219086	0.301445	-0.212560	0.298348	-0.215351	0.297498	-0.216033	0.296677	-0.222866	0.297710	-0.221935	0.307185	-0.230093	0.297160	-0.221256	0.297864	-0.217824	0.301623	-0.216581	0.294984	-0.221064	0.298859	-0.207065	0.317186	-0.210628	0.260620	-0.190361	0.293389	-0.171206	0.321603	-0.168707	0.327682	-0.160770	0.285595	-0.135877	0.330449	-0.164831	0.324177	-0.145694	0.298222	-0.126555	0.220365	-0.133898	0.265527	-0.091211	0.191037	-0.120853	0.179249	-0.131975	0.166409	-0.049794	0.147352	-0.070403	
-0.027426	0.004736	-0.336243	0.077100	-0.293389	0.509723	-0.298184	0.509733	-0.283122	0.515403	-0.299100	0.499989	-0.297163	0.498324	-0.311779	0.501374	-0.310000	0.494989	-0.295502	0.489872	-0.285651	0.495644	-0.291303	0.482650	-0.283274	0.483635	-0.283640	0.484729	-0.303527	0.478110	-0.329251	0.480821	-0.340184	0.475234	-0.343952	0.473506	-0.353369	0.442539	-0.359970	0.423297	-0.305148	0.417774	-0.374564	0.445109	-0.356808	0.397180	-0.374025	0.397877	-0.402152	0.465665	-0.357811	0.364167	-0.416729	0.375490	-0.268178	0.325695	-0.345126	0.279292	-0.408448	0.275677	-0.420493	0.258279	-0.328833	0.210863	-0.427597	0.266814	-0.406921	0.228741	-0.352222	0.194846	-0.217148	0.207732	-0.293957	0.134831	-0.168221	0.184467	-0.148544	0.202973	-0.127288	0.066024	-0.095677	0.100166	
0.105127	-0.012699	0.368813	0.065778	0.337609	-0.283206	0.339090	-0.283122	0.338439	-0.285051	0.339721	-0.279566	0.338925	-0.278923	0.344541	-0.280235	0.344713	-0.277279	0.338002	-0.272207	0.329041	-0.277189	0.334415	-0.265373	0.327620	-0.266832	0.326139	-0.266995	0.318082	-0.269557	0.321289	-0.268541	0.321723	-0.268935	0.321994	-0.268961	0.323428	-0.266548	0.325545	-0.261858	0.319620	-0.265646	0.328373	-0.266105	0.325005	-0.253426	0.331390	-0.252654	0.332870	-0.270384	0.325978	-0.238578	0.351843	-0.243580	0.278583	-0.218030	0.319208	-0.194110	0.353707	-0.191337	0.360898	-0.181694	0.309851	-0.152492	0.364419	-0.186569	0.355780	-0.163889	0.324574	-0.141793	0.235030	-0.150259	0.286765	-0.101350	0.201582	-0.135176	0.188142	-0.147851	0.173571	-0.054234	0.151852	-0.077637	
-0.027692	0.004768	-0.356389	0.079876	-0.307154	0.516362	-0.317320	0.515403	-0.285051	0.528637	-0.319377	0.495953	-0.315299	0.492475	-0.345792	0.498855	-0.342268	0.485403	-0.311708	0.473578	-0.288993	0.486762	-0.302348	0.456834	-0.285041	0.460020	-0.283467	0.461429	-0.291615	0.457897	-0.321259	0.458398	-0.330779	0.453771	-0.334097	0.452306	-0.342611	0.425042	-0.348779	0.407304	-0.300124	0.403533	-0.362020	0.427145	-0.345895	0.382917	-0.362061	0.383425	-0.386937	0.445911	-0.346907	0.351539	-0.402808	0.362287	-0.260937	0.314606	-0.334742	0.270109	-0.395549	0.266605	-0.407148	0.249889	-0.319074	0.204198	-0.413951	0.258099	-0.394221	0.221444	-0.341624	0.188733	-0.211231	0.201169	-0.285407	0.130761	-0.163955	0.178720	-0.144939	0.196604	-0.124378	0.064238	-0.093833	0.097259	
0.105907	-0.012793	0.422889	0.057632	0.374369	-0.300440	0.390315	-0.299100	0.339721	-0.319377	0.393784	-0.268727	0.387285	-0.263267	0.434462	-0.273391	0.430474	-0.251709	0.381233	-0.228738	0.338016	-0.253462	0.363898	-0.196556	0.332400	-0.203873	0.325751	-0.204874	0.286425	-0.215662	0.300060	-0.208759	0.296723	-0.211712	0.295798	-0.212439	0.294824	-0.219899	0.295784	-0.219223	0.306304	-0.227678	0.295005	-0.218210	0.295985	-0.215404	0.299566	-0.214129	0.292376	-0.217715	0.296981	-0.204921	0.314799	-0.208386	0.259361	-0.188476	0.291599	-0.169644	0.319389	-0.167163	0.325392	-0.159342	0.283910	-0.134741	0.328108	-0.163347	0.321996	-0.144450	0.296396	-0.125512	0.219333	-0.132778	0.264048	-0.090514	0.190285	-0.119872	0.178609	-0.130888	0.165886	-0.049486	0.147011	-0.069903	
-0.027074	0.004693	-0.305870	0.073516	-0.272575	0.499733	-0.269376	0.499989	-0.279566	0.495953	-0.268727	0.506204	-0.269985	0.507135	-0.260655	0.505094	-0.261416	0.509407	-0.271191	0.514377	-0.280696	0.508987	-0.274754	0.521484	-0.280688	0.519159	-0.283975	0.519778	-0.321526	0.508514	-0.341339	0.514551	-0.354398	0.507521	-0.358841	0.505397	-0.369614	0.468865	-0.376867	0.447362	-0.312776	0.439206	-0.393493	0.472138	-0.373287	0.418647	-0.392084	0.419627	-0.425097	0.495384	-0.374278	0.383175	-0.437728	0.395364	-0.279137	0.342392	-0.360811	0.293123	-0.427913	0.289343	-0.440628	0.270917	-0.343578	0.220906	-0.448186	0.279943	-0.426088	0.239737	-0.368229	0.204059	-0.226110	0.217622	-0.306882	0.140971	-0.174698	0.193130	-0.154024	0.212573	-0.131724	0.068724	-0.098507	0.104553	
0.105838	-0.012785	0.416474	0.058332	0.369957	-0.298359	0.384228	-0.297163	0.338925	-0.315299	0.387285	-0.269985	0.381603	-0.265208	0.423684	-0.274179	0.420179	-0.254768	0.376092	-0.233928	0.336974	-0.256288	0.360396	-0.204784	0.331860	-0.211399	0.325830	-0.212299	0.290247	-0.222103	0.302628	-0.215905	0.299742	-0.218552	0.298959	-0.219196	0.298273	-0.225477	0.299370	-0.224322	0.307927	-0.232219	0.299022	-0.223936	0.299483	-0.219953	0.303398	-0.218738	0.297243	-0.224011	0.300476	-0.208949	0.319254	-0.212598	0.261690	-0.192015	0.294928	-0.172575	0.323519	-0.170060	0.329664	-0.162021	0.287041	-0.136870	0.332476	-0.166130	0.326063	-0.146782	0.299794	-0.127466	0.221238	-0.134876	0.266793	-0.091816	0.191663	-0.121709	0.179776	-0.132924	0.166832	-0.050059	0.147617	-0.070834	
-0.027012	0.004686	-0.300466	0.072876	-0.268867	0.497947	-0.264248	0.498324	-0.278923	0.492475	-0.263267	0.507135	-0.265208	0.508938	-0.251544	0.505741	-0.252693	0.511991	-0.266861	0.518761	-0.279810	0.511366	-0.271795	0.528422	-0.280221	0.525509	-0.284030	0.526045	-0.324742	0.513947	-0.343499	0.520581	-0.356938	0.513292	-0.361501	0.511098	-0.372517	0.473570	-0.379887	0.451663	-0.314138	0.443036	-0.396876	0.476969	-0.376232	0.422484	-0.395312	0.423514	-0.429198	0.500696	-0.377221	0.386572	-0.441481	0.398915	-0.281096	0.345375	-0.363614	0.295594	-0.431392	0.291784	-0.444226	0.273176	-0.346212	0.222701	-0.451865	0.282289	-0.429513	0.241701	-0.371089	0.205706	-0.227711	0.219390	-0.309192	0.142068	-0.175855	0.194677	-0.155003	0.214288	-0.132517	0.069207	-0.099012	0.105337	
0.106404	-0.012853	0.463469	0.052524	0.402154	-0.314054	0.428839	-0.311779	0.344541	-0.345792	0.434462	-0.260655	0.423684	-0.251544	0.504005	-0.268291	0.495634	-0.232418	0.413773	-0.196012	0.344675	-0.235639	0.386033	-0.144696	0.335890	-0.156434	0.325342	-0.158068	0.262434	-0.175058	0.283952	-0.163714	0.277776	-0.168596	0.275949	-0.169851	0.273164	-0.184744	0.273253	-0.187089	0.296154	-0.199061	0.269759	-0.182117	0.274012	-0.186741	0.275482	-0.185088	0.261766	-0.178029	0.275025	-0.179542	0.286788	-0.181852	0.244761	-0.166187	0.270687	-0.151182	0.293427	-0.148923	0.298536	-0.142473	0.264255	-0.121337	0.300647	-0.145824	0.296433	-0.129776	0.275055	-0.113218	0.207398	-0.119579	0.246821	-0.082323	0.181668	-0.108313	0.171322	-0.118078	0.159995	-0.045886	0.143263	-0.064052	
-0.027114	0.004698	-0.310545	0.073913	-0.275817	0.501226	-0.273809	0.501374	-0.280235	0.498855	-0.273391	0.505094	-0.274179	0.505741	-0.268291	0.504662	-0.268959	0.507166	-0.274948	0.510560	-0.281452	0.506911	-0.277326	0.515428	-0.281078	0.513619	-0.283908	0.514313	-0.318698	0.503774	-0.339439	0.509292	-0.352166	0.502487	-0.356503	0.500425	-0.367066	0.464761	-0.374217	0.443609	-0.311571	0.435865	-0.390526	0.467924	-0.370702	0.415300	-0.389254	0.416235	-0.421505	0.490750	-0.371695	0.380210	-0.434439	0.392264	-0.277412	0.339786	-0.358350	0.290963	-0.424863	0.287209	-0.437474	0.268944	-0.341263	0.219337	-0.444961	0.277893	-0.423084	0.238019	-0.365717	0.202620	-0.224697	0.216077	-0.304851	0.140010	-0.173672	0.191775	-0.153154	0.211073	-0.131017	0.068300	-0.098050	0.103866	
0.106248	-0.012834	0.459518	0.054244	0.399696	-0.312162	0.425062	-0.310000	0.344713	-0.342268	0.430474	-0.261416	0.420179	-0.252693	0.495634	-0.268959	0.490839	-0.233759	0.410632	-0.199116	0.343911	-0.237348	0.383854	-0.149546	0.335413	-0.160883	0.325226	-0.162460	0.264512	-0.178871	0.285322	-0.167939	0.279415	-0.172638	0.277673	-0.173844	0.275060	-0.188032	0.275232	-0.190088	0.296958	-0.201729	0.271997	-0.185493	0.275938	-0.189409	0.277610	-0.187792	0.264514	-0.181747	0.276949	-0.181896	0.289290	-0.184317	0.245987	-0.168247	0.272513	-0.152878	0.295732	-0.150598	0.300925	-0.144019	0.265961	-0.122557	0.303094	-0.147431	0.298697	-0.131115	0.276920	-0.114334	0.208386	-0.120780	0.248301	-0.083058	0.182349	-0.109360	0.171879	-0.119241	0.160423	-0.046197	0.143493	-0.064570	
-0.026917	0.004674	-0.288935	0.071960	-0.260872	0.494366	-0.253310	0.494989	-0.277279	0.485403	-0.251709	0.509407	-0.254768	0.511991	-0.232418	0.507166	-0.233759	0.517759	-0.257608	0.528052	-0.277979	0.516427	-0.265547	0.543187	-0.279305	0.539005	-0.284225	0.539359	-0.331645	0.525499	-0.348148	0.533396	-0.362393	0.525560	-0.367212	0.523216	-0.378742	0.483579	-0.386358	0.460814	-0.317096	0.451189	-0.404118	0.487244	-0.382545	0.430651	-0.402224	0.431788	-0.437962	0.511990	-0.383530	0.393807	-0.449508	0.406478	-0.285315	0.351733	-0.369626	0.300865	-0.438838	0.296992	-0.451927	0.277994	-0.351867	0.226533	-0.459738	0.287293	-0.436848	0.245895	-0.377224	0.209222	-0.231166	0.223164	-0.314155	0.144414	-0.178364	0.197984	-0.157133	0.217952	-0.134248	0.070243	-0.100132	0.107017	
0.105800	-0.012780	0.410442	0.058686	0.365758	-0.296578	0.378508	-0.295502	0.338002	-0.311708	0.381233	-0.271191	0.376092	-0.266861	0.413773	-0.274948	0.410632	-0.257608	0.371345	-0.238838	0.336033	-0.258953	0.357126	-0.212557	0.331389	-0.218509	0.325944	-0.219314	0.293902	-0.228187	0.305091	-0.222656	0.302629	-0.225015	0.301981	-0.225580	0.301565	-0.230749	0.302793	-0.229144	0.309499	-0.236515	0.302850	-0.229349	0.302822	-0.224257	0.307053	-0.223098	0.301873	-0.229961	0.303813	-0.212762	0.323495	-0.216584	0.263928	-0.195367	0.298109	-0.175355	0.327455	-0.172806	0.333734	-0.164563	0.290033	-0.138892	0.336637	-0.168770	0.329940	-0.148994	0.303039	-0.129322	0.223071	-0.136867	0.269421	-0.093055	0.192998	-0.123454	0.180911	-0.134857	0.167757	-0.050608	0.148220	-0.071722	
-0.026994	0.004684	-0.265892	0.073117	-0.244349	0.488819	-0.231493	0.489872	-0.272207	0.473578	-0.228738	0.514377	-0.233928	0.518761	-0.196012	0.510560	-0.199116	0.528052	-0.238838	0.547168	-0.274518	0.526630	-0.252956	0.573566	-0.277754	0.566760	-0.284970	0.566740	-0.346256	0.549239	-0.358044	0.559750	-0.373941	0.550789	-0.379284	0.548137	-0.391866	0.504176	-0.399987	0.479661	-0.323526	0.467982	-0.419323	0.508388	-0.395851	0.447486	-0.416753	0.448843	-0.456282	0.535219	-0.396826	0.408739	-0.466314	0.422080	-0.294340	0.364872	-0.382315	0.311783	-0.454462	0.307779	-0.468073	0.287983	-0.363825	0.234498	-0.476235	0.297663	-0.452249	0.254604	-0.390168	0.216536	-0.238589	0.231008	-0.324687	0.149316	-0.183834	0.204868	-0.161821	0.225573	-0.138112	0.072439	-0.102736	0.110542	
0.105877	-0.012790	0.367124	0.057282	0.334866	-0.285888	0.337475	-0.285651	0.329041	-0.288993	0.338016	-0.280696	0.336974	-0.279810	0.344675	-0.281452	0.343911	-0.277979	0.336033	-0.274518	0.329519	-0.278304	0.333418	-0.269540	0.328403	-0.270562	0.327266	-0.270659	0.321206	-0.272713	0.323569	-0.272081	0.324206	-0.272331	0.324542	-0.272318	0.326099	-0.269375	0.328274	-0.264483	0.321473	-0.268002	0.331289	-0.269001	0.327696	-0.255821	0.334223	-0.255075	0.336157	-0.273526	0.328670	-0.240753	0.354940	-0.245832	0.280767	-0.219992	0.321827	-0.195812	0.356680	-0.193018	0.363938	-0.183277	0.312379	-0.153809	0.367500	-0.188199	0.358746	-0.165306	0.327234	-0.143018	0.236914	-0.151558	0.289094	-0.102230	0.203181	-0.136344	0.189627	-0.149127	0.174930	-0.054710	0.153028	-0.078317	
-0.026972	0.004681	-0.290653	0.072565	-0.261963	0.495071	-0.254950	0.495644	-0.277189	0.486762	-0.253462	0.508987	-0.256288	0.511366	-0.235639	0.506911	-0.237348	0.516427	-0.258953	0.526630	-0.278304	0.515662	-0.266520	0.540985	-0.279508	0.536981	-0.284262	0.537360	-0.330676	0.523767	-0.347507	0.531475	-0.361630	0.523722	-0.366410	0.521400	-0.377862	0.482084	-0.385441	0.459450	-0.316712	0.449976	-0.403083	0.485709	-0.381652	0.429437	-0.401239	0.430558	-0.436696	0.510299	-0.382637	0.392735	-0.448354	0.405356	-0.284739	0.350794	-0.368778	0.300091	-0.437774	0.296227	-0.450824	0.277288	-0.351073	0.225974	-0.458609	0.286558	-0.435801	0.245283	-0.376358	0.208710	-0.230699	0.222614	-0.313464	0.144076	-0.178036	0.197504	-0.156862	0.217419	-0.134035	0.070099	-0.100010	0.106777	
0.105813	-0.012782	0.393051	0.058304	0.353361	-0.292043	0.362040	-0.291303	0.334415	-0.302348	0.363898	-0.274754	0.360396	-0.271795	0.386033	-0.277326	0.383854	-0.265547	0.357126	-0.252956	0.333418	-0.266520	0.347797	-0.235119	0.330193	-0.239144	0.326458	-0.239670	0.304694	-0.245841	0.312403	-0.242248	0.311169	-0.243772	0.310911	-0.244108	0.311277	-0.246064	0.312880	-0.243156	0.314235	-0.249002	0.314109	-0.245070	0.312669	-0.236772	0.317809	-0.235777	0.315448	-0.247233	0.313653	-0.223861	0.335947	-0.228181	0.270587	-0.205130	0.307497	-0.183465	0.339027	-0.180819	0.345695	-0.171981	0.298877	-0.144805	0.348859	-0.176472	0.341346	-0.155460	0.312616	-0.134750	0.228542	-0.142690	0.277204	-0.096690	0.197018	-0.128563	0.184349	-0.140513	0.170583	-0.052231	0.150108	-0.074334	
-0.027073	0.004693	-0.233629	0.074404	-0.221294	0.480975	-0.200936	0.482650	-0.265373	0.456834	-0.196556	0.521484	-0.204784	0.528422	-0.144696	0.515428	-0.149546	0.543187	-0.212557	0.573566	-0.269540	0.540985	-0.235119	0.616277	-0.275616	0.605627	-0.286052	0.605058	-0.366722	0.582520	-0.371872	0.596678	-0.390085	0.586140	-0.396163	0.583056	-0.410219	0.533034	-0.419047	0.506064	-0.332494	0.491505	-0.440592	0.538013	-0.414457	0.471070	-0.437075	0.472734	-0.481918	0.567767	-0.415419	0.429654	-0.489829	0.443934	-0.306945	0.383272	-0.400058	0.327071	-0.476319	0.322883	-0.490661	0.301970	-0.380543	0.245647	-0.499315	0.312184	-0.473793	0.266796	-0.408267	0.226773	-0.248955	0.241989	-0.339409	0.156175	-0.191466	0.214503	-0.168356	0.236239	-0.143494	0.075508	-0.106351	0.115474	
0.105831	-0.012784	0.361437	0.057623	0.330759	-0.283408	0.332126	-0.283274	0.327620	-0.285041	0.332400	-0.280688	0.331860	-0.280221	0.335890	-0.281078	0.335413	-0.279305	0.331389	-0.277754	0.328403	-0.279508	0.330193	-0.275616	0.328147	-0.276086	0.327429	-0.276040	0.324241	-0.277327	0.325503	-0.277292	0.326462	-0.277329	0.326899	-0.277256	0.328662	-0.273471	0.330936	-0.268235	0.322733	-0.271359	0.334259	-0.273203	0.330295	-0.259177	0.337063	-0.258473	0.339735	-0.278135	0.331267	-0.243731	0.358234	-0.248943	0.282510	-0.222611	0.324303	-0.197988	0.359743	-0.195167	0.367105	-0.185267	0.314708	-0.155393	0.370738	-0.190265	0.361765	-0.167040	0.329761	-0.144472	0.238336	-0.153118	0.291138	-0.103200	0.204212	-0.137712	0.190501	-0.150643	0.175639	-0.055139	0.153484	-0.079012	
-0.027016	0.004686	-0.240936	0.073737	-0.226502	0.482104	-0.207878	0.483635	-0.266832	0.460020	-0.203873	0.519159	-0.211399	0.525509	-0.156434	0.513619	-0.160883	0.539005	-0.218509	0.566760	-0.270562	0.536981	-0.239144	0.605627	-0.276086	0.596100	-0.285760	0.595585	-0.361721	0.574224	-0.368443	0.587557	-0.386080	0.577416	-0.391976	0.574439	-0.405666	0.525921	-0.414319	0.499559	-0.330271	0.485717	-0.435317	0.530709	-0.409842	0.465261	-0.432035	0.466850	-0.475560	0.559739	-0.410807	0.424503	-0.484003	0.438552	-0.303807	0.378740	-0.395655	0.323305	-0.470904	0.319162	-0.485066	0.298524	-0.376393	0.242899	-0.493599	0.308606	-0.468455	0.263791	-0.403777	0.224249	-0.246367	0.239282	-0.335749	0.154482	-0.189550	0.212127	-0.166710	0.233610	-0.142131	0.074747	-0.105423	0.114255	
0.105985	-0.012803	0.354813	0.055943	0.325971	-0.283648	0.325809	-0.283640	0.326139	-0.283467	0.325751	-0.283975	0.325830	-0.284030	0.325342	-0.283908	0.325226	-0.284225	0.325944	-0.284970	0.327266	-0.284262	0.326458	-0.286052	0.327429	-0.285760	0.327673	-0.285667	0.328867	-0.285682	0.329051	-0.286459	0.330590	-0.286097	0.331211	-0.285916	0.333341	-0.280620	0.335790	-0.274775	0.325069	-0.277175	0.339663	-0.280544	0.335036	-0.265018	0.342228	-0.264392	0.346226	-0.286203	0.336005	-0.248915	0.364185	-0.254358	0.285776	-0.227177	0.328831	-0.201790	0.365282	-0.198923	0.372825	-0.188749	0.318985	-0.158176	0.376578	-0.193878	0.367228	-0.170080	0.334378	-0.147030	0.241043	-0.155860	0.294921	-0.104923	0.206243	-0.140121	0.192261	-0.153307	0.177113	-0.055924	0.154522	-0.080259	
-0.027080	0.004694	-0.241957	0.074377	-0.227201	0.483218	-0.208825	0.484729	-0.266995	0.461429	-0.204874	0.519778	-0.212299	0.526045	-0.158068	0.514313	-0.162460	0.539359	-0.219314	0.566740	-0.270659	0.537360	-0.239670	0.605058	-0.276040	0.595585	-0.285667	0.595215	-0.361231	0.573865	-0.368327	0.587095	-0.385938	0.576968	-0.391824	0.573997	-0.405497	0.525553	-0.414141	0.499222	-0.330215	0.485413	-0.435111	0.530332	-0.409669	0.464961	-0.431840	0.466545	-0.475301	0.559325	-0.410635	0.424239	-0.483764	0.438275	-0.303716	0.378510	-0.395494	0.323118	-0.470687	0.318978	-0.484839	0.298354	-0.376245	0.242768	-0.493365	0.308430	-0.468243	0.263646	-0.403611	0.224130	-0.246302	0.239153	-0.335628	0.154406	-0.189520	0.212016	-0.166694	0.233485	-0.142131	0.074720	-0.105445	0.114204	
0.108111	-0.013059	0.316182	0.033980	0.297896	-0.302769	0.288484	-0.303527	0.318082	-0.291615	0.286425	-0.321526	0.290247	-0.324742	0.262434	-0.318698	0.264512	-0.331645	0.293902	-0.346256	0.321206	-0.330676	0.304694	-0.366722	0.324241	-0.361721	0.328867	-0.361231	0.395622	-0.342563	0.357488	-0.358510	0.363637	-0.355006	0.365720	-0.353964	0.370760	-0.336610	0.374586	-0.325952	0.343834	-0.322537	0.382823	-0.338073	0.372941	-0.310698	0.383470	-0.310687	0.398015	-0.349488	0.373879	-0.289448	0.411561	-0.296705	0.312192	-0.262908	0.365076	-0.231570	0.409396	-0.228349	0.418337	-0.216036	0.353268	-0.180027	0.423031	-0.222187	0.410752	-0.193929	0.371311	-0.167128	0.263110	-0.177386	0.325369	-0.118520	0.223038	-0.159067	0.206944	-0.174242	0.189564	-0.062203	0.163573	-0.090146	
-0.026385	0.004610	-0.252563	0.067138	-0.235030	0.476801	-0.219086	0.478110	-0.269557	0.457897	-0.215662	0.508514	-0.222103	0.513947	-0.175058	0.503774	-0.178871	0.525499	-0.228187	0.549239	-0.272713	0.523767	-0.245841	0.582520	-0.277327	0.574224	-0.285682	0.573865	-0.342563	0.558693	-0.360257	0.567020	-0.376585	0.557757	-0.382065	0.555024	-0.394930	0.509929	-0.403192	0.484935	-0.324828	0.472740	-0.422950	0.514282	-0.398968	0.452201	-0.420212	0.453614	-0.460743	0.541676	-0.399942	0.412908	-0.470433	0.426440	-0.296209	0.368515	-0.385254	0.314776	-0.458258	0.310735	-0.472020	0.290706	-0.366552	0.236635	-0.480285	0.300498	-0.455975	0.256956	-0.393178	0.218488	-0.240022	0.233112	-0.327006	0.150581	-0.184714	0.206695	-0.162479	0.227608	-0.138541	0.072942	-0.102805	0.111416	
0.109676	-0.013247	0.330485	0.018533	0.307766	-0.328747	0.301445	-0.329251	0.321289	-0.321259	0.300060	-0.341339	0.302628	-0.343499	0.283952	-0.339439	0.285322	-0.348148	0.305091	-0.358044	0.323569	-0.347507	0.312403	-0.371872	0.325503	-0.368443	0.329051	-0.368327	0.357488	-0.360257	0.361063	-0.365212	0.367704	-0.361321	0.369948	-0.360185	0.375284	-0.341534	0.379239	-0.330413	0.346358	-0.326303	0.387920	-0.343176	0.377505	-0.314647	0.388339	-0.314706	0.403998	-0.355167	0.378435	-0.292961	0.416933	-0.300374	0.315849	-0.266049	0.369504	-0.234247	0.414438	-0.230998	0.423489	-0.218517	0.357542	-0.182079	0.428257	-0.224748	0.415752	-0.196140	0.375796	-0.169038	0.266394	-0.179411	0.329334	-0.119901	0.225888	-0.160888	0.209620	-0.176227	0.192050	-0.062973	0.165781	-0.091225	
-0.026671	0.004645	-0.245807	0.070002	-0.230245	0.479368	-0.212560	0.480821	-0.268541	0.458398	-0.208759	0.514551	-0.215905	0.520581	-0.163714	0.509292	-0.167939	0.533396	-0.222656	0.559750	-0.272081	0.531475	-0.242248	0.596678	-0.277292	0.587557	-0.286459	0.587095	-0.358510	0.567020	-0.365212	0.580001	-0.382376	0.570144	-0.388121	0.567253	-0.401513	0.519971	-0.410026	0.494108	-0.328025	0.480852	-0.430575	0.524606	-0.405641	0.460377	-0.427490	0.461902	-0.469932	0.553043	-0.406608	0.420152	-0.478819	0.434012	-0.300807	0.374892	-0.391627	0.320079	-0.466050	0.315975	-0.480063	0.295561	-0.372571	0.240514	-0.488498	0.305536	-0.463656	0.261193	-0.399673	0.222053	-0.243858	0.236933	-0.332339	0.152985	-0.187609	0.210054	-0.164997	0.231322	-0.140661	0.074042	-0.104319	0.113158	
0.110428	-0.013338	0.327579	0.011198	0.305783	-0.339588	0.298348	-0.340184	0.321723	-0.330779	0.296723	-0.354398	0.299742	-0.356938	0.277776	-0.352166	0.279415	-0.362393	0.302629	-0.373941	0.324206	-0.361630	0.311169	-0.390085	0.326462	-0.386080	0.330590	-0.385938	0.363637	-0.376585	0.367704	-0.382376	0.375664	-0.377835	0.378199	-0.376490	0.384272	-0.354827	0.388550	-0.342476	0.350622	-0.336841	0.398317	-0.356814	0.386597	-0.325378	0.398238	-0.325593	0.416542	-0.370235	0.387519	-0.302468	0.428287	-0.310313	0.322233	-0.274425	0.378204	-0.241222	0.424987	-0.237891	0.434365	-0.224908	0.365782	-0.187199	0.439356	-0.231378	0.426155	-0.201727	0.384654	-0.173751	0.271790	-0.184457	0.336681	-0.123101	0.230058	-0.165333	0.213299	-0.181134	0.195209	-0.064472	0.168151	-0.093564	
-0.026235	0.004592	-0.248576	0.065628	-0.232279	0.473844	-0.215351	0.475234	-0.268935	0.453771	-0.211712	0.507521	-0.218552	0.513292	-0.168596	0.502487	-0.172638	0.525560	-0.225015	0.550789	-0.272331	0.523722	-0.243772	0.586140	-0.277329	0.577416	-0.286097	0.576968	-0.355006	0.557757	-0.361321	0.570144	-0.377835	0.560929	-0.383370	0.558066	-0.396369	0.512457	-0.404695	0.487245	-0.325449	0.474810	-0.424650	0.516877	-0.400430	0.454257	-0.421828	0.455698	-0.462826	0.544528	-0.401403	0.414725	-0.472335	0.428341	-0.297131	0.370105	-0.386639	0.316085	-0.460013	0.312029	-0.473840	0.291900	-0.367844	0.237577	-0.482149	0.301739	-0.457699	0.257989	-0.394593	0.219349	-0.240758	0.234038	-0.328123	0.151147	-0.185212	0.207503	-0.162881	0.228505	-0.138843	0.073179	-0.102953	0.111813	
0.110677	-0.013368	0.326809	0.008796	0.305287	-0.343326	0.297498	-0.343952	0.321994	-0.334097	0.295798	-0.358841	0.298959	-0.361501	0.275949	-0.356503	0.277673	-0.367212	0.301981	-0.379284	0.324542	-0.366410	0.310911	-0.396163	0.326899	-0.391976	0.331211	-0.391824	0.365720	-0.382065	0.369948	-0.388121	0.378199	-0.383370	0.381026	-0.381986	0.387276	-0.359307	0.391664	-0.346523	0.352049	-0.340421	0.401806	-0.361406	0.389633	-0.328970	0.401548	-0.329239	0.420770	-0.375322	0.390552	-0.305648	0.432085	-0.313639	0.324361	-0.277226	0.381108	-0.243552	0.428512	-0.240194	0.437999	-0.227043	0.368532	-0.188909	0.443064	-0.233594	0.429630	-0.203592	0.387611	-0.175324	0.273590	-0.186141	0.339133	-0.124169	0.231448	-0.166817	0.214525	-0.182772	0.196262	-0.064971	0.168939	-0.094344	
-0.026109	0.004577	-0.249241	0.064373	-0.232755	0.472133	-0.216033	0.473506	-0.268961	0.452306	-0.212439	0.505397	-0.219196	0.511098	-0.169851	0.500425	-0.173844	0.523216	-0.225580	0.548137	-0.272318	0.521400	-0.244108	0.583056	-0.277256	0.574439	-0.285916	0.573997	-0.353964	0.555024	-0.360185	0.567253	-0.376490	0.558066	-0.381986	0.555440	-0.394856	0.510238	-0.403127	0.485221	-0.324726	0.473066	-0.422908	0.514598	-0.398897	0.452451	-0.420161	0.453867	-0.460736	0.542017	-0.399872	0.413125	-0.470424	0.426669	-0.296052	0.368694	-0.385172	0.314909	-0.458236	0.310867	-0.472008	0.290822	-0.366455	0.236713	-0.480280	0.300621	-0.455946	0.257047	-0.393100	0.218554	-0.239848	0.233187	-0.326884	0.150606	-0.184508	0.206753	-0.162260	0.227677	-0.138310	0.072926	-0.102554	0.111418	
0.111237	-0.013435	0.326275	0.003563	0.305177	-0.352684	0.296677	-0.353369	0.323428	-0.342611	0.294824	-0.369614	0.298273	-0.372517	0.273164	-0.367066	0.275060	-0.378742	0.301565	-0.391866	0.326099	-0.377862	0.311277	-0.410219	0.328662	-0.405666	0.333341	-0.405497	0.370760	-0.394930	0.375284	-0.401513	0.384272	-0.396369	0.387276	-0.394856	0.394348	-0.370055	0.398975	-0.356176	0.355798	-0.349633	0.410036	-0.372421	0.396711	-0.337417	0.409313	-0.337838	0.430969	-0.387678	0.397621	-0.313109	0.441029	-0.321455	0.329291	-0.283787	0.387876	-0.249001	0.436744	-0.245579	0.446489	-0.232030	0.374935	-0.192897	0.451732	-0.238770	0.437741	-0.207946	0.394500	-0.178993	0.277769	-0.190070	0.344836	-0.126655	0.234669	-0.170275	0.217363	-0.186592	0.198695	-0.066130	0.170755	-0.096157	
-0.024075	0.004332	-0.255400	0.044817	-0.236670	0.441408	-0.222866	0.442539	-0.266548	0.425042	-0.219899	0.468865	-0.225477	0.473570	-0.184744	0.464761	-0.188032	0.483579	-0.230749	0.504176	-0.269375	0.482084	-0.246064	0.533034	-0.273471	0.525921	-0.280620	0.525553	-0.336610	0.509929	-0.341534	0.519971	-0.354827	0.512457	-0.359307	0.510238	-0.370055	0.473316	-0.377417	0.451718	-0.312547	0.443077	-0.394146	0.476648	-0.373842	0.422766	-0.392832	0.423728	-0.425858	0.499980	-0.374844	0.386852	-0.439039	0.399186	-0.278510	0.345558	-0.361207	0.295662	-0.429144	0.291844	-0.442010	0.273192	-0.343765	0.222596	-0.449664	0.282328	-0.427264	0.241642	-0.368700	0.205564	-0.225009	0.219278	-0.306661	0.141792	-0.173053	0.194504	-0.152160	0.214152	-0.129642	0.068806	-0.096067	0.104982	
0.111540	-0.013472	0.327625	0.001054	0.306552	-0.359257	0.297710	-0.359970	0.325545	-0.348779	0.295784	-0.376867	0.299370	-0.379887	0.273253	-0.374217	0.275232	-0.386358	0.302793	-0.399987	0.328274	-0.385441	0.312880	-0.419047	0.330936	-0.414319	0.335790	-0.414141	0.374586	-0.403192	0.379239	-0.410026	0.388550	-0.404695	0.391664	-0.403127	0.398975	-0.377417	0.403951	-0.362888	0.359041	-0.356259	0.415389	-0.379848	0.401512	-0.343318	0.414581	-0.343819	0.437077	-0.395715	0.402393	-0.318253	0.447155	-0.326863	0.332554	-0.288313	0.392443	-0.252739	0.442346	-0.249273	0.452272	-0.235444	0.379244	-0.195613	0.457641	-0.242317	0.443248	-0.210916	0.399147	-0.181489	0.280545	-0.192747	0.348663	-0.128337	0.236787	-0.172625	0.219217	-0.189190	0.200272	-0.066902	0.171909	-0.097377	
-0.023073	0.004212	-0.253698	0.035956	-0.234554	0.422264	-0.221935	0.423297	-0.261858	0.407304	-0.219223	0.447362	-0.224322	0.451663	-0.187089	0.443609	-0.190088	0.460814	-0.229144	0.479661	-0.264483	0.459450	-0.243156	0.506064	-0.268235	0.499559	-0.274775	0.499222	-0.325952	0.484935	-0.330413	0.494108	-0.342476	0.487245	-0.346523	0.485221	-0.356176	0.451718	-0.362888	0.432396	-0.304145	0.424348	-0.378057	0.454813	-0.359731	0.405682	-0.377367	0.406386	-0.406643	0.475875	-0.360778	0.371846	-0.421153	0.383447	-0.268800	0.332363	-0.347749	0.284737	-0.412702	0.281046	-0.425046	0.263203	-0.331049	0.214629	-0.432339	0.271954	-0.411083	0.232937	-0.355002	0.198238	-0.216764	0.211427	-0.295351	0.136842	-0.166730	0.187603	-0.146607	0.206527	-0.124900	0.066517	-0.092563	0.101382	
0.108076	-0.013054	0.335728	0.033966	0.311168	-0.304838	0.307185	-0.305148	0.319620	-0.300124	0.306304	-0.312776	0.307927	-0.314138	0.296154	-0.311571	0.296958	-0.317096	0.309499	-0.323526	0.321473	-0.316712	0.314235	-0.332494	0.322733	-0.330271	0.325069	-0.330215	0.343834	-0.324828	0.346358	-0.328025	0.350622	-0.325449	0.352049	-0.324726	0.355798	-0.312547	0.359041	-0.304145	0.339309	-0.306283	0.365381	-0.313492	0.357780	-0.291290	0.366853	-0.291013	0.376873	-0.322382	0.358739	-0.272297	0.392257	-0.278759	0.302036	-0.247845	0.350643	-0.219100	0.391545	-0.216028	0.399884	-0.204642	0.339683	-0.170967	0.404167	-0.210351	0.393181	-0.184015	0.356592	-0.158813	0.254714	-0.168463	0.313417	-0.112962	0.216871	-0.151246	0.201670	-0.165580	0.185227	-0.059730	0.160675	-0.086158	
-0.022364	0.004126	-0.262207	0.028123	-0.241332	0.416856	-0.230093	0.417774	-0.265646	0.403533	-0.227678	0.439206	-0.232219	0.443036	-0.199061	0.435865	-0.201729	0.451189	-0.236515	0.467982	-0.268002	0.449976	-0.249002	0.491505	-0.271359	0.485717	-0.277175	0.485413	-0.322537	0.472740	-0.326303	0.480852	-0.336841	0.474810	-0.340421	0.473066	-0.349633	0.443077	-0.356259	0.424348	-0.306283	0.424409	-0.370608	0.445812	-0.353130	0.398324	-0.370317	0.398960	-0.397726	0.466017	-0.354166	0.365220	-0.413203	0.376567	-0.263971	0.326489	-0.341402	0.279783	-0.405129	0.276151	-0.417250	0.258641	-0.325006	0.210937	-0.424400	0.267232	-0.403580	0.228922	-0.348533	0.194833	-0.212723	0.207789	-0.289935	0.134505	-0.163560	0.184383	-0.143785	0.202979	-0.122450	0.065394	-0.090674	0.099657	
0.112360	-0.013570	0.327577	-0.006413	0.307068	-0.373762	0.297160	-0.374564	0.328373	-0.362020	0.295005	-0.393493	0.299022	-0.396876	0.269759	-0.390526	0.271997	-0.404118	0.302850	-0.419323	0.331289	-0.403083	0.314109	-0.440592	0.334259	-0.435317	0.339663	-0.435111	0.382823	-0.422950	0.387920	-0.430575	0.398317	-0.424650	0.401806	-0.422908	0.410036	-0.394146	0.415389	-0.378057	0.365381	-0.370608	0.428362	-0.396943	0.412690	-0.356732	0.426779	-0.357425	0.452572	-0.414631	0.413560	-0.330114	0.461192	-0.339268	0.340294	-0.298737	0.403118	-0.261381	0.455363	-0.257817	0.465700	-0.243353	0.389340	-0.201930	0.471351	-0.250527	0.456068	-0.217815	0.410017	-0.187298	0.287104	-0.198971	0.357647	-0.132267	0.241826	-0.178099	0.223647	-0.195237	0.204059	-0.068724	0.174716	-0.100238	
-0.024297	0.004359	-0.253775	0.047105	-0.235428	0.443948	-0.221256	0.445109	-0.266105	0.427145	-0.218210	0.472138	-0.223936	0.476969	-0.182117	0.467924	-0.185493	0.487244	-0.229349	0.508388	-0.269001	0.485709	-0.245070	0.538013	-0.273203	0.530709	-0.280544	0.530332	-0.338073	0.514282	-0.343176	0.524606	-0.356814	0.516877	-0.361406	0.514598	-0.372421	0.476648	-0.379848	0.454813	-0.313492	0.445812	-0.396943	0.480306	-0.376202	0.425495	-0.395409	0.426510	-0.429401	0.504042	-0.377207	0.389286	-0.441978	0.401728	-0.280196	0.347704	-0.363473	0.297459	-0.431874	0.293619	-0.444823	0.274840	-0.345915	0.223922	-0.452533	0.284036	-0.429961	0.243087	-0.371007	0.206785	-0.226430	0.220584	-0.308582	0.142625	-0.174159	0.195657	-0.153140	0.215424	-0.130488	0.069201	-0.096709	0.105593	
0.111357	-0.013449	0.327676	0.002753	0.306487	-0.356113	0.297864	-0.356808	0.325005	-0.345895	0.295985	-0.373287	0.299483	-0.376232	0.274012	-0.370702	0.275938	-0.382545	0.302822	-0.395851	0.327696	-0.381652	0.312669	-0.414457	0.330295	-0.409842	0.335036	-0.409669	0.372941	-0.398968	0.377505	-0.405641	0.386597	-0.400430	0.389633	-0.398897	0.396711	-0.373842	0.401512	-0.359731	0.357780	-0.353130	0.412690	-0.376202	0.399276	-0.340594	0.412058	-0.341035	0.433750	-0.391609	0.400122	-0.315845	0.444276	-0.324345	0.330978	-0.286208	0.390271	-0.250992	0.439707	-0.247548	0.449550	-0.233846	0.377191	-0.194336	0.454860	-0.240659	0.440647	-0.209522	0.396938	-0.180314	0.279203	-0.191489	0.346833	-0.127541	0.235752	-0.171517	0.218305	-0.187967	0.199490	-0.066531	0.171324	-0.096796	
-0.021879	0.004068	-0.248328	0.026095	-0.229080	0.396261	-0.217824	0.397180	-0.253426	0.382917	-0.215404	0.418647	-0.219953	0.422484	-0.186741	0.415300	-0.189409	0.430651	-0.224257	0.447486	-0.255821	0.429437	-0.236772	0.471070	-0.259177	0.465261	-0.265018	0.464961	-0.310698	0.452201	-0.314647	0.460377	-0.325378	0.454257	-0.328970	0.452451	-0.337417	0.422766	-0.343318	0.405682	-0.291290	0.398324	-0.356732	0.425495	-0.340594	0.382402	-0.356433	0.382621	-0.381913	0.444037	-0.341722	0.351301	-0.396879	0.361893	-0.255773	0.314309	-0.329541	0.269828	-0.390364	0.266306	-0.401989	0.249581	-0.313857	0.203787	-0.408782	0.257802	-0.389120	0.221081	-0.336463	0.188275	-0.205699	0.200745	-0.280089	0.130129	-0.158291	0.178224	-0.139220	0.196158	-0.118617	0.063439	-0.087973	0.096516	
0.112079	-0.013536	0.332344	-0.002873	0.311074	-0.373262	0.301623	-0.374025	0.331390	-0.362061	0.299566	-0.392084	0.303398	-0.395312	0.275482	-0.389254	0.277610	-0.402224	0.307053	-0.416753	0.334223	-0.401239	0.317809	-0.437075	0.337063	-0.432035	0.342228	-0.431840	0.383470	-0.420212	0.388339	-0.427490	0.398238	-0.421828	0.401548	-0.420161	0.409313	-0.392832	0.414581	-0.377367	0.366853	-0.370317	0.426779	-0.395409	0.412058	-0.356433	0.426072	-0.357001	0.449822	-0.412279	0.412930	-0.329788	0.460515	-0.338931	0.339653	-0.298404	0.402472	-0.261041	0.454709	-0.257486	0.465040	-0.243026	0.388706	-0.201633	0.470692	-0.250197	0.455396	-0.217505	0.409365	-0.187017	0.286578	-0.198678	0.357043	-0.132048	0.241354	-0.177825	0.223197	-0.194942	0.203637	-0.068586	0.174328	-0.100057	
-0.021991	0.004081	-0.247018	0.027406	-0.227986	0.396944	-0.216581	0.397877	-0.252654	0.383425	-0.214129	0.419627	-0.218738	0.423514	-0.185088	0.416235	-0.187792	0.431788	-0.223098	0.448843	-0.255075	0.430558	-0.235777	0.472734	-0.258473	0.466850	-0.264392	0.466545	-0.310687	0.453614	-0.314706	0.461902	-0.325593	0.455698	-0.329239	0.453867	-0.337838	0.423728	-0.343819	0.406386	-0.291013	0.398960	-0.357425	0.426510	-0.341035	0.382621	-0.357001	0.383187	-0.383024	0.445349	-0.342140	0.351622	-0.397437	0.362255	-0.256139	0.314631	-0.329972	0.270118	-0.390851	0.266589	-0.402486	0.249848	-0.314269	0.204010	-0.409284	0.258077	-0.389604	0.221321	-0.336897	0.188483	-0.206004	0.200965	-0.280469	0.130279	-0.158548	0.178422	-0.139458	0.196375	-0.118834	0.063520	-0.088158	0.096632	
0.113979	-0.013765	0.326264	-0.021420	0.306996	-0.401176	0.294984	-0.402152	0.332870	-0.386937	0.292376	-0.425097	0.297243	-0.429198	0.261766	-0.421505	0.264514	-0.437962	0.301873	-0.456282	0.336157	-0.436696	0.315448	-0.481918	0.339735	-0.475560	0.346226	-0.475301	0.398015	-0.460743	0.403998	-0.469932	0.416542	-0.462826	0.420770	-0.460736	0.430969	-0.425858	0.437077	-0.406643	0.376873	-0.397726	0.452572	-0.429401	0.433750	-0.381913	0.449822	-0.383024	0.520073	-0.467146	0.434617	-0.352385	0.487734	-0.362583	0.354943	-0.318321	0.423262	-0.277635	0.479885	-0.273882	0.490993	-0.258229	0.408397	-0.213821	0.497174	-0.265969	0.480227	-0.230799	0.430526	-0.198237	0.299519	-0.210688	0.374616	-0.139675	0.251382	-0.188408	0.232058	-0.206624	0.211263	-0.072169	0.180077	-0.105637	
-0.025427	0.004495	-0.254326	0.057323	-0.236647	0.464386	-0.221064	0.465665	-0.270384	0.445911	-0.217715	0.495384	-0.224011	0.500696	-0.178029	0.490750	-0.181747	0.511990	-0.229961	0.535219	-0.273526	0.510299	-0.247233	0.567767	-0.278135	0.559739	-0.286203	0.559325	-0.349488	0.541676	-0.355167	0.553043	-0.370235	0.544528	-0.375322	0.542017	-0.387678	0.499980	-0.395715	0.475875	-0.322382	0.466017	-0.414631	0.504042	-0.391609	0.444037	-0.412279	0.445349	-0.467146	0.537954	-0.392599	0.405650	-0.461435	0.418866	-0.290854	0.362087	-0.378194	0.309379	-0.449829	0.305402	-0.463346	0.285745	-0.359833	0.232629	-0.471448	0.295359	-0.447641	0.252597	-0.385993	0.214792	-0.235470	0.229163	-0.320966	0.148040	-0.181103	0.203201	-0.159244	0.223759	-0.135706	0.071710	-0.100576	0.109535	
0.111352	-0.013449	0.328783	0.003065	0.307476	-0.357117	0.298859	-0.357811	0.325978	-0.346907	0.296981	-0.374278	0.300476	-0.377221	0.275025	-0.371695	0.276949	-0.383530	0.303813	-0.396826	0.328670	-0.382637	0.313653	-0.415419	0.331267	-0.410807	0.336005	-0.410635	0.373879	-0.399942	0.378435	-0.406608	0.387519	-0.401403	0.390552	-0.399872	0.397621	-0.374844	0.402393	-0.360778	0.358739	-0.354166	0.413560	-0.377207	0.400122	-0.341722	0.412930	-0.342140	0.434617	-0.392599	0.401101	-0.316960	0.445245	-0.325471	0.331578	-0.287164	0.391156	-0.251760	0.440813	-0.248313	0.450694	-0.234553	0.378033	-0.194896	0.456034	-0.241392	0.441740	-0.210136	0.397853	-0.180826	0.279714	-0.192039	0.347569	-0.127878	0.236123	-0.171996	0.218620	-0.188498	0.199747	-0.066676	0.171491	-0.097035	
