0.207167	-0.011287	0.350048	-0.034474	0.326444	-0.090139	0.453606	-0.161370	0.588664	-0.041725	0.692266	-0.089207	0.668424	-0.121132	0.525219	-0.169190	0.437778	-0.193199	0.787792	-0.105002	0.827627	-0.136792	0.819718	-0.168663	0.843623	-0.144657	0.724239	-0.208563	0.629001	-0.320189	0.748406	-0.351683	0.908674	-0.367754	0.756543	-0.415296	0.820317	-0.423081	0.732830	-0.471075	0.732957	-0.518856	0.581731	-0.495329	0.749107	-0.614335	0.741171	-0.622335	0.812676	-0.542556	0.717328	-0.654235	0.884411	-0.590223	0.900458	-0.629959	0.805048	-0.733690	0.789174	-0.749634	0.868726	-0.717639	0.813182	-0.789451	0.534490	-0.702279	0.510714	-0.686402	0.463397	-0.797560	0.368047	-0.758187	0.415357	-0.622947	0.288838	-0.695281	0.265120	-0.695184	0.218063	-0.797984	0.170759	-0.758668	0.217258	-0.623631	
-0.011287	0.002853	-0.018749	0.004064	-0.017516	0.006971	-0.024157	0.010691	-0.031211	0.004443	-0.036622	0.006923	-0.035376	0.008590	-0.027897	0.011100	-0.023331	0.012354	-0.041610	0.007747	-0.043691	0.009408	-0.043278	0.011072	-0.044526	0.009818	-0.038291	0.013156	-0.033318	0.018986	-0.039554	0.020630	-0.047924	0.021470	-0.039978	0.023953	-0.043309	0.024359	-0.038740	0.026866	-0.038747	0.029361	-0.030849	0.028132	-0.039590	0.034348	-0.039176	0.034765	-0.042910	0.030599	-0.037930	0.036431	-0.046656	0.033088	-0.047494	0.035164	-0.042512	0.040581	-0.041683	0.041414	-0.045837	0.039743	-0.042936	0.043493	-0.028382	0.038940	-0.027140	0.038111	-0.024669	0.043917	-0.019689	0.041860	-0.022160	0.034797	-0.015552	0.038575	-0.014314	0.038570	-0.011856	0.043939	-0.009386	0.041885	-0.011814	0.034833	
0.350048	-0.018749	1.894124	-0.268757	1.640140	-0.867591	3.008199	-1.634267	4.461606	-0.346734	5.576498	-0.857695	5.319926	-1.201257	3.778862	-1.718386	2.837870	-1.976803	6.604468	-1.027674	7.033147	-1.369774	6.948032	-1.712741	7.205279	-1.454405	5.920560	-2.142114	4.895687	-3.343356	6.180632	-3.682269	7.905308	-3.855211	6.268197	-4.366816	6.954485	-4.450599	6.013016	-4.967070	6.014383	-5.481258	4.387007	-5.228079	6.188180	-6.508728	6.102775	-6.594817	6.872255	-5.736295	5.846196	-6.938094	7.644217	-6.249254	7.816898	-6.676863	6.790168	-7.793138	6.619346	-7.964709	7.475425	-7.620409	6.877701	-8.393189	3.878628	-7.455111	3.622773	-7.284251	3.113586	-8.480456	2.087499	-8.056750	2.596613	-6.601404	1.235113	-7.379810	0.979875	-7.378764	0.473484	-8.485012	-0.035567	-8.061929	0.464819	-6.608763	
-0.034474	0.004064	-0.268757	0.042315	-0.230197	0.133044	-0.437544	0.249189	-0.657739	0.054124	-0.826648	0.131537	-0.787777	0.183587	-0.554300	0.261937	-0.411739	0.301083	-0.982389	0.157289	-1.047335	0.209118	-1.034440	0.261079	-1.073414	0.221940	-0.878775	0.326130	-0.723503	0.508122	-0.918177	0.559469	-1.179471	0.585670	-0.931443	0.663180	-1.035418	0.675873	-0.892782	0.754120	-0.892989	0.832022	-0.646436	0.793664	-0.919320	0.987687	-0.906381	1.000730	-1.022960	0.870661	-0.867508	1.052737	-1.139915	0.948376	-1.166076	1.013160	-1.010523	1.182279	-0.984643	1.208273	-1.114342	1.156110	-1.023785	1.273189	-0.569415	1.131067	-0.530652	1.105181	-0.453509	1.286410	-0.298053	1.222217	-0.375186	1.001728	-0.168914	1.119659	-0.130244	1.119500	-0.053524	1.287101	0.023599	1.223002	-0.052212	1.002842	
0.326444	-0.017516	1.640140	-0.230197	1.424312	-0.739676	2.588020	-1.391919	3.824497	-0.296558	4.772986	-0.731254	4.554708	-1.023538	3.243656	-1.463479	2.443110	-1.683331	5.647525	-0.875863	6.012221	-1.166903	5.939810	-1.458680	6.158662	-1.238902	5.065694	-1.823966	4.193789	-2.845917	5.286949	-3.134245	6.754208	-3.281374	5.361445	-3.716620	5.945300	-3.787897	5.144350	-4.227282	5.145513	-4.664724	3.761032	-4.449334	5.293370	-5.538839	5.220713	-5.612079	5.875343	-4.881695	5.002429	-5.904120	6.532085	-5.318093	6.678993	-5.681878	5.805508	-6.631543	5.660183	-6.777507	6.388487	-6.484595	5.879976	-7.142033	3.328532	-6.343969	3.110865	-6.198611	2.677677	-7.216275	1.804739	-6.855810	2.237865	-5.617683	1.079577	-6.279907	0.862435	-6.279017	0.431625	-7.220152	-0.001447	-6.860215	0.424253	-5.623943	
-0.090139	0.006971	-0.867591	0.133044	-0.739676	0.434901	-1.429184	0.821282	-2.161705	0.172361	-2.723615	0.429888	-2.594301	0.603045	-1.817598	0.863684	-1.343336	0.993921	-3.241717	0.515558	-3.457772	0.687978	-3.414874	0.860835	-3.544528	0.730633	-2.897024	1.077241	-2.380483	1.682672	-3.028101	1.853486	-3.897345	1.940649	-3.072234	2.198501	-3.418126	2.240727	-2.943622	2.501031	-2.944311	2.760184	-2.124106	2.632581	-3.031905	3.278034	-2.988861	3.321423	-3.376682	2.888724	-2.859544	3.494436	-3.765754	3.147258	-3.852786	3.362774	-3.335310	3.925382	-3.249215	4.011855	-3.680682	3.838326	-3.379427	4.227810	-1.867881	3.755015	-1.738929	3.668901	-1.482296	4.271793	-0.965144	4.058243	-1.221739	3.324743	-0.535538	3.717063	-0.406897	3.716536	-0.151673	4.274090	0.104891	4.060854	-0.147306	3.328452	
0.453606	-0.024157	3.008199	-0.437544	2.588020	-1.429184	4.853755	-2.699148	7.260952	-0.566656	9.107509	-1.412941	8.682556	-1.981971	6.130146	-2.838465	4.571586	-3.266487	10.810099	-1.694470	11.520103	-2.261079	11.379132	-2.829123	11.805200	-2.401251	9.677366	-3.540277	7.979907	-5.529853	10.108115	-6.091182	12.964634	-6.377619	10.253145	-7.224973	11.389819	-7.363738	9.830497	-8.219151	9.832762	-9.070782	7.137398	-8.651451	10.120615	-10.772544	9.979163	-10.915130	11.253624	-9.493190	9.554199	-11.483687	12.532196	-10.342787	12.818202	-11.051019	11.117667	-12.899865	10.834741	-13.184032	12.252632	-12.613780	11.262644	-13.893707	6.295388	-12.340004	5.871626	-12.057014	5.028278	-14.038245	3.328806	-13.336476	4.172033	-10.926040	1.917031	-12.215284	1.494290	-12.213553	0.655571	-14.045791	-0.187551	-13.345053	0.641220	-10.938227	
-0.161370	0.010691	-1.634267	0.249189	-1.391919	0.821282	-2.699148	1.554202	-4.088177	0.323676	-5.153694	0.812007	-4.908484	1.140355	-3.435673	1.634563	-2.536345	1.881551	-6.136136	0.974457	-6.545828	1.301407	-6.464484	1.629184	-6.710337	1.382290	-5.482517	2.039539	-4.503036	3.187581	-5.731072	3.511483	-7.379363	3.676766	-5.814758	4.165712	-6.470651	4.245784	-5.570878	4.739381	-5.572185	5.230796	-4.016884	4.988830	-5.738285	6.212761	-5.656662	6.295037	-6.392063	5.474537	-5.411447	6.623110	-7.129835	5.964779	-7.294868	6.373448	-6.313611	7.440285	-6.150355	7.604257	-6.968518	7.275206	-6.397267	8.013760	-3.531021	7.117229	-3.286498	6.953936	-2.799862	8.097162	-1.819220	7.692221	-2.305785	6.301332	-1.004586	7.045262	-0.760652	7.044263	-0.276688	8.101517	0.209818	7.697171	-0.268407	6.308365	
0.588664	-0.031211	4.461606	-0.657739	3.824497	-2.161705	7.260952	-4.088177	10.912626	-0.853377	13.713691	-2.137104	13.069070	-3.000284	9.197208	-4.299517	6.832984	-4.948802	16.296395	-2.564174	17.373421	-3.423680	17.159577	-4.285361	17.805893	-3.636310	14.578122	-5.364129	12.003195	-8.382182	15.231537	-9.233677	19.564672	-9.668176	15.451537	-10.953558	17.175791	-11.164055	14.810410	-12.461656	14.813845	-13.753519	10.725168	-13.117425	15.250498	-16.334973	15.035925	-16.551265	16.969194	-14.394283	14.391286	-17.413727	18.908697	-15.683061	19.342548	-16.757400	16.762955	-19.561969	16.333777	-19.993031	18.484618	-19.127998	16.982875	-21.069557	9.447899	-18.712699	8.805081	-18.283424	7.525781	-21.288811	4.947803	-20.224277	6.226919	-16.567816	2.806239	-18.523508	2.164971	-18.520881	0.892694	-21.300259	-0.386264	-20.237288	0.870924	-16.586303	
-0.041725	0.004443	-0.346734	0.054124	-0.296558	0.172361	-0.566656	0.323676	-0.853377	0.069705	-1.073305	0.170493	-1.022694	0.238264	-0.718706	0.340271	-0.533045	0.391258	-1.276085	0.204026	-1.360647	0.271509	-1.343857	0.339164	-1.394603	0.288203	-1.141176	0.423861	-0.939006	0.660825	-1.192479	0.727679	-1.532693	0.761792	-1.209752	0.862715	-1.345131	0.879242	-1.159414	0.981123	-1.159684	1.082553	-0.838662	1.032611	-1.193967	1.285235	-1.177120	1.302218	-1.328910	1.132863	-1.126506	1.369934	-1.481190	1.234051	-1.515253	1.318402	-1.312717	1.538602	-1.279021	1.572447	-1.447893	1.504529	-1.329984	1.656970	-0.738378	1.471922	-0.687907	1.438218	-0.587463	1.674185	-0.385054	1.590603	-0.485484	1.303517	-0.216910	1.457068	-0.166561	1.456861	-0.066669	1.675083	0.033748	1.591625	-0.064959	1.304969	
0.692266	-0.036622	5.576498	-0.826648	4.772986	-2.723615	9.107509	-5.153694	13.713691	-1.073305	17.247211	-2.692591	16.433998	-3.781433	11.549893	-5.420277	8.567667	-6.239293	20.505029	-3.231321	21.863609	-4.315521	21.593863	-5.402459	22.409138	-4.583734	18.337554	-6.763242	15.089479	-10.570282	19.161792	-11.644379	24.627702	-12.192462	19.439306	-13.813880	21.614323	-14.079408	18.630571	-15.716234	18.634904	-17.345824	13.477342	-16.543438	19.185710	-20.602134	18.915042	-20.874971	21.353716	-18.154099	18.101877	-21.962902	23.800255	-19.779797	24.347525	-21.134994	21.093561	-24.672749	20.552185	-25.216502	23.265311	-24.125328	21.370974	-26.574460	11.866164	-23.601459	11.055296	-23.059961	9.441555	-26.851032	6.189628	-25.508201	7.803138	-20.895848	3.488205	-23.362809	2.679293	-23.359495	1.074411	-26.865472	-0.538899	-25.524614	1.046950	-20.919169	
-0.089207	0.006923	-0.857695	0.131537	-0.731254	0.429888	-1.412941	0.812007	-2.137104	0.170493	-2.692591	0.425153	-2.564756	0.596289	-1.796938	0.853920	-1.328059	0.982687	-3.204781	0.509796	-3.418368	0.680247	-3.375959	0.851132	-3.504131	0.722418	-2.864028	1.065060	-2.353394	1.663572	-2.993607	1.832432	-3.852918	1.918602	-3.037235	2.173502	-3.379172	2.215245	-2.910093	2.472573	-2.910774	2.728762	-2.099949	2.602618	-2.997367	3.240691	-2.954815	3.283584	-3.338202	2.855832	-2.826977	3.454618	-3.722825	3.111410	-3.808862	3.324462	-3.297303	3.880636	-3.212192	3.966120	-3.638726	3.794576	-3.340915	4.179606	-1.846653	3.712218	-1.719176	3.627088	-1.465478	4.223087	-0.954239	4.011979	-1.207900	3.286866	-0.529545	3.674699	-0.402375	3.674178	-0.150070	4.225357	0.103560	4.014559	-0.145753	3.290532	
0.668424	-0.035376	5.319926	-0.787777	4.554708	-2.594301	8.682556	-4.908484	13.069070	-1.022694	16.433998	-2.564756	15.659676	-3.601657	11.008469	-5.162355	8.168460	-5.942311	19.536498	-3.077797	20.830282	-4.110284	20.573401	-5.145380	21.349793	-4.365703	17.472403	-6.441261	14.379235	-10.066732	18.257328	-11.089602	23.462542	-11.611536	18.521606	-13.155634	20.592891	-13.408498	17.751443	-14.967260	17.755569	-16.519130	12.843985	-15.755012	18.280105	-19.620138	18.022346	-19.879962	20.344713	-17.288856	17.247964	-20.916007	22.674570	-18.837020	23.195739	-20.127584	20.096966	-23.496613	19.581409	-24.014433	22.165139	-22.975300	20.361148	-25.307626	11.309649	-22.476416	10.537454	-21.960743	9.000676	-25.571008	5.903842	-24.292221	7.440399	-19.899844	3.331258	-22.249148	2.560925	-22.245992	1.032584	-25.584760	-0.503782	-24.307851	1.006433	-19.922052	
-0.121132	0.008590	-1.201257	0.183587	-1.023538	0.603045	-1.981971	1.140355	-3.000284	0.238264	-3.781433	0.596289	-3.601657	0.837038	-2.521931	1.199288	-1.862616	1.380363	-4.501676	0.715373	-4.802027	0.955069	-4.742392	1.195368	-4.922630	1.014368	-4.022501	1.496201	-3.304440	2.337837	-4.204718	2.575292	-5.413101	2.696470	-4.266069	3.054910	-4.746907	3.113611	-4.087280	3.475469	-4.088238	3.835727	-2.948040	3.658341	-4.210006	4.555610	-4.150169	4.615927	-4.689294	4.014415	-3.970400	4.856439	-5.230158	4.373813	-5.351145	4.673411	-4.631781	5.455513	-4.512097	5.575723	-5.111896	5.334493	-4.693109	5.875931	-2.591851	5.218680	-2.412590	5.098969	-2.055836	5.937073	-1.336922	5.640210	-1.693625	4.620542	-0.739710	5.165921	-0.560881	5.165188	-0.206085	5.940266	0.150574	5.643838	-0.200014	4.625698	
0.525219	-0.027897	3.778862	-0.554300	3.243656	-1.817598	6.130146	-3.435673	9.197208	-0.718706	11.549893	-1.796938	11.008469	-2.521931	7.756491	-3.613188	5.770684	-4.158526	13.719148	-2.155640	14.623758	-2.877549	14.444147	-3.601287	14.986997	-3.056139	12.275944	-4.507359	10.113227	-7.042266	12.824758	-7.757448	16.464222	-8.122391	13.009539	-9.202001	14.457765	-9.378801	12.471047	-10.468675	12.473932	-11.553730	9.039792	-11.019465	12.840684	-13.721931	12.660461	-13.903598	14.284241	-12.091917	12.119019	-14.627992	15.913259	-13.174381	16.277656	-14.076733	14.111018	-16.432332	13.750545	-16.794387	15.557068	-16.067834	14.295732	-17.698578	7.966996	-15.719018	7.427083	-15.358464	6.352581	-17.882732	4.187299	-16.988614	5.261647	-13.917499	2.388569	-15.560114	1.849958	-15.557907	0.781354	-17.892347	-0.292861	-16.999543	0.763069	-13.933027	
-0.169190	0.011100	-1.718386	0.261937	-1.463479	0.863684	-2.838465	1.634563	-4.299517	0.340271	-5.420277	0.853920	-5.162355	1.199288	-3.613188	1.719166	-2.667224	1.978911	-6.453659	1.024796	-6.884593	1.368695	-6.799031	1.713467	-7.057631	1.453771	-5.766151	2.145100	-4.735883	3.352665	-6.027591	3.693363	-7.761345	3.867214	-6.115617	4.381513	-6.805518	4.465736	-5.859093	4.984926	-5.860467	5.501820	-4.224525	5.247309	-6.035179	6.534699	-5.949324	6.621241	-6.722855	5.758200	-5.691394	6.966325	-7.498880	6.273860	-7.672470	6.703719	-6.640336	7.825869	-6.468615	7.998344	-7.329199	7.652231	-6.728329	8.429079	-3.713470	7.486064	-3.456269	7.314304	-2.944401	8.516805	-1.912913	8.090869	-2.424707	6.627863	-1.056041	7.410366	-0.799459	7.409315	-0.290402	8.521386	0.221329	8.096075	-0.281691	6.635260	
0.437778	-0.023331	2.837870	-0.411739	2.443110	-1.343336	4.571586	-2.536345	6.832984	-0.533045	8.567667	-1.328059	8.168460	-1.862616	5.770684	-2.667224	4.306602	-3.069302	10.167106	-1.592533	10.834095	-2.124814	10.701664	-2.658443	11.101919	-2.256493	9.102999	-3.326513	7.508378	-5.195550	9.507651	-5.722871	12.191108	-5.991955	9.643895	-6.787972	10.711704	-6.918331	9.246853	-7.721919	9.248980	-8.521954	6.716912	-8.128028	9.519394	-10.120616	9.386511	-10.254563	10.583761	-8.918771	8.987294	-10.788675	11.784871	-9.716895	12.053550	-10.382220	10.456040	-12.119055	10.190255	-12.386006	11.522244	-11.850302	10.592233	-13.052686	5.925916	-11.593113	5.527826	-11.327268	4.735572	-13.188467	3.139061	-12.529214	3.931202	-10.264813	1.812817	-11.475949	1.415688	-11.474322	0.627783	-13.195556	-0.164260	-12.537272	0.614301	-10.276262	
-0.193199	0.012354	-1.976803	0.301083	-1.683331	0.993921	-3.266487	1.881551	-4.948802	0.391258	-6.239293	0.982687	-5.942311	1.380363	-4.158526	1.978911	-3.069302	2.278094	-7.429167	1.179440	-7.925361	1.575422	-7.826842	1.972405	-8.124604	1.673382	-6.637544	2.469401	-5.451256	3.859843	-6.938578	4.252132	-8.934889	4.452311	-7.039934	5.044495	-7.834311	5.141473	-6.744562	5.739288	-6.746144	6.334459	-4.862459	6.041406	-6.947314	7.523755	-6.848458	7.623403	-7.739130	6.629664	-6.551468	8.020745	-8.632674	7.223414	-8.832553	7.718370	-7.644114	9.010457	-7.446389	9.209051	-8.437298	8.810523	-7.745433	9.705015	-4.274011	8.619192	-3.977860	8.421422	-3.388477	9.806027	-2.200782	9.315587	-2.790081	7.631027	-1.214147	8.532030	-0.918710	8.530820	-0.332562	9.811301	0.256664	9.321582	-0.322532	7.639545	
0.787792	-0.041610	6.604468	-0.982389	5.647525	-3.241717	10.810099	-6.136136	16.296395	-1.276085	20.505029	-3.204781	19.536498	-4.501676	13.719148	-6.453659	10.167106	-7.429167	24.385629	-3.846523	26.003749	-5.137855	25.682452	-6.432495	26.653527	-5.457314	21.803851	-8.053280	17.935101	-12.587813	22.785619	-13.867174	29.296111	-14.520062	23.116165	-16.451259	25.706821	-16.767527	22.152884	-18.717146	22.158046	-20.658144	16.014892	-19.702425	22.814108	-24.536723	22.491716	-24.861699	25.396412	-21.620878	21.523159	-26.157529	28.310476	-23.557240	28.962328	-25.171411	25.086543	-29.385218	24.441712	-30.032880	27.673306	-28.733187	25.416968	-31.650339	14.095823	-28.109208	13.130002	-27.464232	11.207880	-31.979763	7.334521	-30.380322	9.256367	-24.886565	4.116866	-27.824953	3.153374	-27.821006	1.241804	-31.996963	-0.679803	-30.399872	1.209095	-24.914342	
-0.105002	0.007747	-1.027674	0.157289	-0.875863	0.515558	-1.694470	0.974457	-2.564174	0.204026	-3.231321	0.509796	-3.077797	0.715373	-2.155640	1.024796	-1.592533	1.179440	-3.846523	0.611654	-4.103001	0.816255	-4.052068	1.021479	-4.206004	0.866891	-3.437227	1.278386	-2.823953	1.997211	-3.592865	2.200016	-4.624916	2.303511	-3.645264	2.609650	-4.055939	2.659786	-3.492563	2.968842	-3.493381	3.276533	-2.519558	3.125031	-3.597381	3.891372	-3.546275	3.942888	-4.006732	3.429147	-3.392738	4.148305	-4.468675	3.736103	-4.572008	3.991984	-3.957611	4.659964	-3.855392	4.762632	-4.367670	4.556603	-4.009991	5.019035	-2.215343	4.457688	-2.062240	4.355446	-1.757542	5.071255	-1.143530	4.817709	-1.448185	3.946830	-0.633462	4.412628	-0.480728	4.412002	-0.177702	5.073982	0.126914	4.820808	-0.172517	3.951233	
0.827627	-0.043691	7.033147	-1.047335	6.012221	-3.457772	11.520103	-6.545828	17.373421	-1.360647	21.863609	-3.418368	20.830282	-4.802027	14.623758	-6.884593	10.834095	-7.925361	26.003749	-4.103001	27.730326	-5.480798	27.387433	-6.862044	28.423488	-5.821614	23.249330	-8.591244	19.121762	-13.429148	24.296801	-14.794106	31.242807	-15.490642	24.649463	-17.551078	27.413446	-17.888505	23.621734	-19.968563	23.627241	-22.039423	17.073082	-21.019762	24.327197	-26.177498	23.983235	-26.524215	27.082269	-23.066568	22.949877	-27.906743	30.191298	-25.132483	30.886761	-26.854649	26.751668	-31.350379	26.063695	-32.041373	29.511498	-30.654724	27.104201	-33.767047	15.025618	-29.988998	13.995178	-29.300870	11.944458	-34.118511	7.811953	-32.412060	9.862379	-26.550745	4.379022	-29.685725	3.351068	-29.681514	1.311605	-34.136862	-0.738567	-32.432918	1.276708	-26.580381	
-0.136792	0.009408	-1.369774	0.209118	-1.166903	0.687978	-2.261079	1.301407	-3.423680	0.271509	-4.315521	0.680247	-4.110284	0.955069	-2.877549	1.368695	-2.124814	1.575422	-5.137855	0.816255	-5.480798	1.090061	-5.412681	1.364292	-5.618471	1.157640	-4.590768	1.707702	-3.770952	2.668623	-4.798833	2.939734	-6.178437	3.078063	-4.868880	3.487333	-5.417870	3.554354	-4.664749	3.967501	-4.665843	4.378821	-3.364036	4.176293	-4.804870	5.200738	-4.736552	5.269604	-5.352091	4.582836	-4.531303	5.544206	-5.969616	4.993174	-6.107751	5.335236	-5.286426	6.228192	-5.149779	6.365439	-5.834592	6.090018	-5.356447	6.708197	-2.957363	5.957790	-2.752694	5.821112	-2.345373	6.778006	-1.524563	6.439066	-1.931825	5.274874	-0.842704	5.897553	-0.638528	5.896717	-0.233444	6.781651	0.173767	6.443209	-0.226513	5.280760	
0.819718	-0.043278	6.948032	-1.034440	5.939810	-3.414874	11.379132	-6.464484	17.159577	-1.343857	21.593863	-3.375959	20.573401	-4.742392	14.444147	-6.799031	10.701664	-7.826842	25.682452	-4.052068	27.387433	-5.412681	27.048996	-6.776753	28.072060	-5.749269	22.962329	-8.484432	18.886151	-13.262101	23.996749	-14.610062	30.856284	-15.297932	24.345020	-17.332704	27.074586	-17.665930	23.330088	-19.720087	23.335527	-21.765160	16.862980	-20.758196	24.026767	-25.851708	23.687088	-26.194108	26.747533	-22.779516	22.666598	-27.559421	29.817848	-24.819705	30.504652	-26.520427	26.421049	-30.960177	25.741642	-31.642566	29.146513	-30.273184	26.769192	-33.346752	14.841011	-29.615748	13.823403	-28.936188	11.798218	-33.693840	7.717171	-32.008638	9.742065	-26.220308	4.326987	-29.316251	3.311832	-29.312092	1.297765	-33.711962	-0.726878	-32.029236	1.263302	-26.249574	
-0.168663	0.011072	-1.712741	0.261079	-1.458680	0.860835	-2.829123	1.629184	-4.285361	0.339164	-5.402459	0.851132	-5.145380	1.195368	-3.601287	1.713467	-2.658443	1.972405	-6.432495	1.021479	-6.862044	1.364292	-6.776753	1.708101	-7.034514	1.449093	-5.747229	2.138105	-4.720350	3.341737	-6.007839	3.681322	-7.735915	3.854598	-6.095578	4.367226	-6.783226	4.451174	-5.839890	4.968669	-5.841261	5.483875	-4.210661	5.230195	-6.015402	6.513382	-5.929828	6.599641	-6.700833	5.739418	-5.672740	6.943599	-7.474324	6.253394	-7.647347	6.681849	-6.618583	7.800336	-6.447423	7.972248	-7.305197	7.627265	-6.706289	8.401576	-3.701274	7.461640	-3.444912	7.290441	-2.934716	8.489016	-1.906596	8.064471	-2.416719	6.606242	-1.052521	7.386189	-0.796778	7.385142	-0.289383	8.493582	0.220677	8.069660	-0.280700	6.613615	
0.843623	-0.044526	7.205279	-1.073414	6.158662	-3.544528	11.805200	-6.710337	17.805893	-1.394603	22.409138	-3.504131	21.349793	-4.922630	14.986997	-7.057631	11.101919	-8.124604	26.653527	-4.206004	28.423488	-5.618471	28.072060	-7.034514	29.134330	-5.967896	23.829751	-8.807262	19.598257	-13.766979	24.903603	-15.166307	32.024514	-15.880410	25.265145	-17.992700	28.098724	-18.338624	24.211537	-20.471057	24.217183	-22.594061	17.497991	-21.548725	24.934764	-26.836332	24.582142	-27.191780	27.759209	-23.647070	23.522764	-28.609120	30.946522	-25.765004	31.659497	-27.530534	27.420283	-32.139466	26.714987	-32.847859	30.249605	-31.426294	27.781692	-34.616985	15.398973	-30.743806	14.342587	-30.038350	12.240230	-34.977299	8.003669	-33.227880	10.105725	-27.218978	4.484298	-30.432896	3.430460	-30.428579	1.339644	-34.996112	-0.762151	-33.249263	1.303868	-27.249360	
-0.144657	0.009818	-1.454405	0.221940	-1.238902	0.730633	-2.401251	1.382290	-3.636310	0.288203	-4.583734	0.722418	-4.365703	1.014368	-3.056139	1.453771	-2.256493	1.673382	-5.457314	0.866891	-5.821614	1.157640	-5.749269	1.449093	-5.967896	1.229686	-4.876132	1.813908	-4.005223	2.834715	-5.097165	3.122723	-6.562753	3.269684	-5.171577	3.704450	-5.754782	3.775647	-4.954724	4.214543	-4.955886	4.651498	-3.572948	4.436348	-5.103578	5.524638	-5.031001	5.597796	-5.684903	4.868227	-4.812961	5.889512	-6.340913	5.304139	-6.487657	5.667518	-5.615145	6.616125	-5.469982	6.761926	-6.197474	6.469341	-5.689530	7.126046	-3.140929	6.328871	-2.923505	6.183675	-2.490800	7.200205	-1.618834	6.840141	-2.051478	5.603394	-0.894480	6.264880	-0.677580	6.263992	-0.247250	7.204077	0.185340	6.844542	-0.239887	5.609647	
0.724239	-0.038291	5.920560	-0.878775	5.065694	-2.897024	9.677366	-5.482517	14.578122	-1.141176	18.337554	-2.864028	17.472403	-4.022501	12.275944	-5.766151	9.102999	-6.637544	21.803851	-3.437227	23.249330	-4.590768	22.962329	-5.747229	23.829751	-4.876132	19.497799	-7.195015	16.041924	-11.245574	20.374706	-12.388380	26.190194	-12.971444	20.669976	-14.696642	22.984113	-14.979152	19.809515	-16.720674	19.814123	-18.454495	14.326674	-17.600787	20.400160	-21.919087	20.112179	-22.209375	22.706836	-19.314470	19.247003	-23.366893	25.309861	-21.044151	25.892136	-22.486029	22.430042	-26.250067	21.854038	-26.828599	24.740701	-25.667631	22.725198	-28.273415	12.612440	-25.110255	11.749708	-24.534121	10.032748	-28.567677	6.572820	-27.138956	8.289533	-22.231587	3.698609	-24.856340	2.837957	-24.852814	1.130423	-28.583041	-0.586078	-27.156419	1.101205	-22.256399	
-0.208563	0.013156	-2.142114	0.326130	-1.823966	1.077241	-3.540277	2.039539	-5.364129	0.423861	-6.763242	1.065060	-6.441261	1.496201	-4.507359	2.145100	-3.326513	2.469401	-8.053280	1.278386	-8.591244	1.707702	-8.484432	2.138105	-8.807262	1.813908	-7.195015	2.676985	-5.908920	4.184382	-7.521399	4.609689	-9.685730	4.826783	-7.631284	5.468726	-8.492505	5.573865	-7.311057	6.221985	-7.312772	6.867239	-5.270578	6.549525	-7.530870	8.156611	-7.423696	8.264643	-8.389316	7.187284	-7.101714	8.695422	-9.358050	7.830997	-9.574748	8.367602	-8.286305	9.768415	-8.071941	9.983720	-9.146233	9.551658	-8.396149	10.521419	-4.632615	9.344226	-4.311543	9.129814	-3.672564	10.630931	-2.384927	10.099222	-3.023815	8.272910	-1.315269	9.249730	-0.994972	9.248418	-0.359501	10.636648	0.279307	10.105721	-0.348627	8.282144	
0.629001	-0.033318	4.895687	-0.723503	4.193789	-2.380483	7.979907	-4.503036	12.003195	-0.939006	15.089479	-2.353394	14.379235	-3.304440	10.113227	-4.735883	7.508378	-5.451256	17.935101	-2.823953	19.121762	-3.770952	18.886151	-4.720350	19.598257	-4.005223	16.041924	-5.908920	13.204960	-9.234183	16.761851	-10.172332	21.536079	-10.651103	17.004240	-12.067250	18.903977	-12.299169	16.297864	-13.728830	16.301650	-15.152168	11.796861	-14.451337	16.782742	-17.996341	16.546331	-18.234646	18.676352	-15.858144	15.836085	-19.184882	20.813243	-17.278084	21.291247	-18.461759	18.449124	-21.551755	17.976268	-22.026687	20.346004	-21.073618	18.691426	-23.212774	10.389601	-20.616053	9.681362	-20.143090	8.271865	-23.454341	5.431521	-22.281467	6.840815	-18.252881	3.072007	-20.407608	2.365475	-20.404714	0.963716	-23.466954	-0.445403	-22.295803	0.939731	-18.273250	
-0.320189	0.018986	-3.343356	0.508122	-2.845917	1.682672	-5.529853	3.187581	-8.382182	0.660825	-10.570282	1.663572	-10.066732	2.337837	-7.042266	3.352665	-5.195550	3.859843	-12.587813	1.997211	-13.429148	2.668623	-13.262101	3.341737	-13.766979	2.834715	-11.245574	4.184382	-9.234183	6.542047	-11.755996	7.207167	-15.140898	7.546578	-11.927845	8.550660	-13.274749	8.715088	-11.427028	9.728710	-11.429712	10.737848	-8.235845	10.240963	-11.770804	12.754351	-11.603190	12.923308	-13.113363	11.238381	-11.099630	13.597020	-14.628406	12.245111	-14.967308	13.084330	-12.952260	15.275118	-12.617007	15.611843	-14.297136	14.936123	-13.124050	16.452771	-7.238104	14.611712	-6.735967	14.276384	-5.736642	16.624041	-3.722855	15.792480	-4.722036	12.936236	-2.049973	14.463925	-1.549046	14.461873	-0.555207	16.632983	0.443850	15.802644	-0.538202	12.950678	
0.748406	-0.039554	6.180632	-0.918177	5.286949	-3.028101	10.108115	-5.731072	15.231537	-1.192479	19.161792	-2.993607	18.257328	-4.204718	12.824758	-6.027591	9.507651	-6.938578	22.785619	-3.592865	24.296801	-4.798833	23.996749	-6.007839	24.903603	-5.097165	20.374706	-7.521399	16.761851	-11.755996	21.291652	-12.950757	27.371224	-13.560286	21.600321	-15.363982	24.019661	-15.659342	20.700739	-17.480038	20.705560	-19.292685	14.968620	-18.400165	21.318240	-22.914788	21.017167	-23.218274	23.729787	-20.191756	20.112656	-24.428416	26.451155	-22.000075	27.059901	-23.507507	23.440407	-27.442670	22.838216	-28.047505	25.856118	-26.833756	23.748983	-29.558008	13.176461	-26.251038	12.274505	-25.648711	10.479487	-29.865648	6.862257	-28.371972	8.657019	-23.241496	3.857374	-25.985580	2.957594	-25.981894	1.172429	-29.881711	-0.622110	-28.390229	1.141882	-23.267436	
-0.351683	0.020630	-3.682269	0.559469	-3.134245	1.853486	-6.091182	3.511483	-9.233677	0.727679	-11.644379	1.832432	-11.089602	2.575292	-7.757448	3.693363	-5.722871	4.252132	-13.867174	2.200016	-14.794106	2.939734	-14.610062	3.681322	-15.166307	3.122723	-12.388380	4.609689	-10.172332	7.207167	-12.950757	7.940072	-16.679976	8.313918	-13.140100	9.420244	-14.624053	9.601402	-12.588326	10.718162	-12.591285	11.829981	-9.072432	11.282539	-12.967081	14.051663	-12.782412	14.237812	-14.446247	12.381443	-12.227615	14.980074	-16.115446	13.490608	-16.488832	14.415218	-14.268751	16.828921	-13.899386	17.199907	-15.750470	16.455432	-14.458021	18.126401	-7.973175	16.098012	-7.419944	15.728564	-6.318937	18.315098	-4.100245	17.398925	-5.201094	14.252055	-2.257145	15.935188	-1.705249	15.932928	-0.610286	18.324950	0.490427	17.410123	-0.591550	14.267966	
0.908674	-0.047924	7.905308	-1.179471	6.754208	-3.897345	12.964634	-7.379363	19.564672	-1.532693	24.627702	-3.852918	23.462542	-5.413101	16.464222	-7.761345	12.191108	-8.934889	29.296111	-4.624916	31.242807	-6.178437	30.856284	-7.735915	32.024514	-6.562753	26.190194	-9.685730	21.536079	-15.140898	27.371224	-16.679976	35.302716	-17.560284	27.768832	-19.788607	30.885256	-20.169102	26.610019	-22.514422	26.616227	-24.849388	19.226134	-23.699688	27.405453	-29.515204	27.017625	-29.906140	30.511893	-26.007524	25.852477	-31.464988	34.017432	-28.336913	34.801589	-30.278716	30.139128	-35.347807	29.363414	-36.126927	33.250932	-34.563433	30.536621	-38.072684	16.917599	-33.812803	15.755743	-33.036915	13.443485	-38.468972	8.783943	-36.544890	11.095869	-29.936054	4.913194	-33.470852	3.754140	-33.466104	1.454576	-38.489663	-0.857064	-36.568408	1.415227	-29.969469	
-0.367754	0.021470	-3.855211	0.585670	-3.281374	1.940649	-6.377619	3.676766	-9.668176	0.761792	-12.192462	1.918602	-11.611536	2.696470	-8.122391	3.867214	-5.991955	4.452311	-14.520062	2.303511	-15.490642	3.078063	-15.297932	3.854598	-15.880410	3.269684	-12.971444	4.826783	-10.651103	7.546578	-13.560286	8.313918	-17.560284	8.798903	-13.758483	9.863756	-15.312117	10.053477	-13.180750	11.222715	-13.183846	12.386805	-9.499499	11.813628	-13.577313	14.712925	-13.383962	14.907824	-15.126017	12.964184	-12.803081	15.684982	-16.873693	14.125491	-17.264629	15.093572	-14.940176	17.620749	-14.553447	18.009176	-16.491554	17.229701	-15.138345	18.979226	-8.348629	16.855478	-7.769390	16.468661	-6.616622	19.176794	-4.293624	18.217550	-5.446226	14.922738	-2.363876	16.684999	-1.786034	16.682632	-0.639594	19.187109	0.512866	18.229274	-0.619977	14.939397	
0.756543	-0.039978	6.268197	-0.931443	5.361445	-3.072234	10.253145	-5.814758	15.451537	-1.209752	19.439306	-3.037235	18.521606	-4.266069	13.009539	-6.115617	9.643895	-7.039934	23.116165	-3.645264	24.649463	-4.868880	24.345020	-6.095578	25.265145	-5.171577	20.669976	-7.631284	17.004240	-11.927845	21.600321	-13.140100	27.768832	-13.758483	21.913571	-15.588642	24.368318	-15.888328	21.000795	-17.735685	21.005686	-19.574878	15.184741	-18.669285	21.627339	-23.250026	21.321856	-23.557957	24.074200	-20.487117	20.404100	-24.785821	26.835422	-22.321916	27.453084	-23.851424	23.780584	-27.844216	23.169574	-28.457908	26.231671	-27.226384	24.093678	-29.990531	13.366330	-26.635133	12.451167	-26.023986	10.629861	-30.302676	6.959661	-28.787127	8.780705	-23.581519	3.910773	-26.365787	2.997816	-26.362047	1.186509	-30.318974	-0.634309	-28.805651	1.155516	-23.607839	
-0.415296	0.023953	-4.366816	0.663180	-3.716620	2.198501	-7.224973	4.165712	-10.953558	0.862715	-13.813880	2.173502	-13.155634	3.054910	-9.202001	4.381513	-6.787972	5.044495	-16.451259	2.609650	-17.551078	3.487333	-17.332704	4.367226	-17.992700	3.704450	-14.696642	5.468726	-12.067250	8.550660	-15.363982	9.420244	-19.788607	9.863756	-15.588642	11.176598	-17.349421	11.391535	-14.933935	12.716625	-14.937445	14.035853	-10.762147	13.386286	-15.383346	16.671988	-15.164227	16.892862	-17.138449	14.690190	-14.505933	17.773593	-19.119035	16.006268	-19.562076	17.103363	-16.927841	19.967340	-16.489572	20.407533	-18.685973	19.524177	-17.152419	21.506863	-9.457832	19.100081	-8.801397	18.661712	-7.494999	21.730761	-4.862412	20.643677	-6.168623	16.909763	-2.675484	18.906882	-2.020632	18.904200	-0.721405	21.742452	0.584644	20.656965	-0.699174	16.928642	
0.820317	-0.043309	6.954485	-1.035418	5.945300	-3.418126	11.389819	-6.470651	17.175791	-1.345131	21.614323	-3.379172	20.592891	-4.746907	14.457765	-6.805518	10.711704	-7.834311	25.706821	-4.055939	27.413446	-5.417870	27.074586	-6.783226	28.098724	-5.754782	22.984113	-8.492505	18.903977	-13.274749	24.019661	-14.624053	30.885256	-15.312117	24.368318	-17.349421	27.100742	-17.682954	23.352368	-19.739219	23.357815	-21.786378	16.878725	-20.778384	24.049758	-25.877103	23.709733	-26.219853	26.773300	-22.801776	22.688202	-27.586559	29.846744	-24.844049	30.534252	-26.546504	26.446483	-30.990783	25.766383	-31.673869	29.174729	-30.303089	26.794981	-33.379794	14.854632	-29.644983	13.835985	-28.964729	11.808735	-33.727236	7.723524	-32.040314	9.750484	-26.246079	4.329881	-29.345180	3.313691	-29.341018	1.297569	-33.745376	-0.729140	-32.060933	1.263071	-26.275375	
-0.423081	0.024359	-4.450599	0.675873	-3.787897	2.240727	-7.363738	4.245784	-11.164055	0.879242	-14.079408	2.215245	-13.408498	3.113611	-9.378801	4.465736	-6.918331	5.141473	-16.767527	2.659786	-17.888505	3.554354	-17.665930	4.451174	-18.338624	3.775647	-14.979152	5.573865	-12.299169	8.715088	-15.659342	9.601402	-20.169102	10.053477	-15.888328	11.391535	-17.682954	11.610679	-15.221020	12.961226	-15.224595	14.305843	-10.968944	13.643777	-15.679077	16.992707	-15.455741	17.217832	-17.467953	14.972772	-14.784779	18.115511	-19.486657	16.314175	-19.938224	17.432383	-17.253294	20.351475	-16.806591	20.800140	-19.045261	19.899784	-17.482194	21.920626	-9.639531	19.467527	-8.970464	19.020722	-7.638924	22.148833	-4.955675	21.040829	-6.287024	17.235058	-2.726662	19.270610	-2.059208	19.267876	-0.734978	22.160748	0.596205	21.054372	-0.712319	17.254300	
0.732830	-0.038740	6.013016	-0.892782	5.144350	-2.943622	9.830497	-5.570878	14.810410	-1.159414	18.630571	-2.910093	17.751443	-4.087280	12.471047	-5.859093	9.246853	-6.744562	22.152884	-3.492563	23.621734	-4.664749	23.330088	-5.839890	24.211537	-4.954724	19.809515	-7.311057	16.297864	-11.427028	20.700739	-12.588326	26.610019	-13.180750	21.000795	-14.933935	23.352368	-15.221020	20.126439	-16.990725	20.131101	-18.752588	14.554864	-17.885067	20.726618	-22.273228	20.433978	-22.568212	23.070610	-19.626475	19.554806	-23.744456	25.715749	-21.384135	26.307446	-22.849340	22.789340	-26.674274	22.204017	-27.262166	25.137382	-26.082416	23.089271	-28.730356	12.812909	-25.516022	11.936219	-24.930567	10.191483	-29.029379	6.675580	-27.577544	8.420066	-22.590783	3.754869	-25.257999	2.880294	-25.254417	1.145135	-29.044992	-0.599135	-27.595290	1.115444	-22.615997	
-0.471075	0.026866	-4.967070	0.754120	-4.227282	2.501031	-8.219151	4.739381	-12.461656	0.981123	-15.716234	2.472573	-14.967260	3.475469	-10.468675	4.984926	-7.721919	5.739288	-18.717146	2.968842	-19.968563	3.967501	-19.720087	4.968669	-20.471057	4.214543	-16.720674	6.221985	-13.728830	9.728710	-17.480038	10.718162	-22.514422	11.222715	-17.735685	12.716625	-19.739219	12.961226	-16.990725	14.469031	-16.994708	15.970115	-12.243770	15.230991	-17.502083	18.969692	-17.252755	19.221017	-19.499158	16.714666	-16.503703	20.223173	-21.752806	18.212188	-22.256929	19.460538	-19.259515	22.719368	-18.760822	23.220251	-21.260039	22.215107	-19.515056	24.471144	-10.759628	21.732541	-10.012692	21.233736	-8.526182	24.725910	-5.530644	23.488952	-7.016941	19.240248	-3.042208	21.512707	-2.297072	21.509655	-0.818723	24.739212	0.667390	23.504071	-0.793427	19.261730	
0.732957	-0.038747	6.014383	-0.892989	5.145513	-2.944311	9.832762	-5.572185	14.813845	-1.159684	18.634904	-2.910774	17.755569	-4.088238	12.473932	-5.860467	9.248980	-6.746144	22.158046	-3.493381	23.627241	-4.665843	23.335527	-5.841261	24.217183	-4.955886	19.814123	-7.312772	16.301650	-11.429712	20.705560	-12.591285	26.616227	-13.183846	21.005686	-14.937445	23.357815	-15.224595	20.131101	-16.994708	20.135816	-18.757015	14.558240	-17.889269	20.731447	-22.278464	20.438739	-22.573518	23.075993	-19.631089	19.559360	-23.750038	25.721749	-21.389165	26.313586	-22.854713	22.794656	-26.680544	22.209195	-27.268575	25.143250	-26.088547	23.094657	-28.737111	12.815876	-25.522020	11.938980	-24.936428	10.193833	-29.036204	6.677102	-27.584028	8.421999	-22.596093	3.755704	-25.263937	2.880923	-25.260353	1.145356	-29.051821	-0.599325	-27.601777	1.115658	-22.621312	
-0.518856	0.029361	-5.481258	0.832022	-4.664724	2.760184	-9.070782	5.230796	-13.753519	1.082553	-17.345824	2.728762	-16.519130	3.835727	-11.553730	5.501820	-8.521954	6.334459	-20.658144	3.276533	-22.039423	4.378821	-21.765160	5.483875	-22.594061	4.651498	-18.454495	6.867239	-15.152168	10.737848	-19.292685	11.829981	-24.849388	12.386805	-19.574878	14.035853	-21.786378	14.305843	-18.752588	15.970115	-18.757015	17.627102	-13.512945	16.811203	-19.317036	20.938010	-19.041826	21.215425	-21.521422	18.448897	-18.215018	22.321610	-24.009007	20.101875	-24.565462	21.479810	-21.256901	25.076924	-20.706441	25.629801	-23.465091	24.520318	-21.538968	27.010545	-11.874674	23.987659	-11.050201	23.437075	-9.409382	27.291758	-6.102889	25.926395	-7.743473	21.236650	-3.356139	23.745005	-2.533654	23.741635	-0.901842	27.306441	0.738538	25.943084	-0.873920	21.260362	
0.581731	-0.030849	4.387007	-0.646436	3.761032	-2.124106	7.137398	-4.016884	10.725168	-0.838662	13.477342	-2.099949	12.843985	-2.948040	9.039792	-4.224525	6.716912	-4.862459	16.014892	-2.519558	17.073082	-3.364036	16.862980	-4.210661	17.497991	-3.572948	14.326674	-5.270578	11.796861	-8.235845	14.968620	-9.072432	19.226134	-9.499499	15.184741	-10.762147	16.878725	-10.968944	14.554864	-12.243770	14.558240	-13.512945	10.541419	-12.887989	14.987231	-16.049058	14.776426	-16.261552	16.675741	-14.142449	14.143108	-17.108866	18.581179	-15.408597	19.007407	-16.464067	16.473122	-19.219376	16.051482	-19.642867	18.164545	-18.793029	16.689180	-20.700486	9.286547	-18.385023	8.655019	-17.963288	7.398189	-20.915888	4.865490	-19.870051	6.122140	-16.277813	2.761541	-18.199155	2.131536	-18.196575	0.881605	-20.927135	-0.374889	-19.882834	0.860217	-16.295975	
-0.495329	0.028132	-5.228079	0.793664	-4.449334	2.632581	-8.651451	4.988830	-13.117425	1.032611	-16.543438	2.602618	-15.755012	3.658341	-11.019465	5.247309	-8.128028	6.041406	-19.702425	3.125031	-21.019762	4.176293	-20.758196	5.230195	-21.548725	4.436348	-17.600787	6.549525	-14.451337	10.240963	-18.400165	11.282539	-23.699688	11.813628	-18.669285	13.386286	-20.778384	13.643777	-17.885067	15.230991	-17.889269	16.811203	-12.887989	16.033173	-18.423376	19.968851	-18.160909	20.233421	-20.525692	17.594994	-17.372383	21.288388	-22.898105	19.171429	-23.428796	20.485564	-20.273424	23.916129	-19.748450	24.443408	-22.379373	23.385294	-20.542431	25.760221	-11.325604	22.877298	-10.539305	22.352207	-8.974458	26.028414	-5.821059	24.726269	-7.385682	20.253664	-3.201486	22.645879	-2.417083	22.642666	-0.860827	26.042417	0.703602	24.742185	-0.834197	20.276278	
0.749107	-0.039590	6.188180	-0.919320	5.293370	-3.031905	10.120615	-5.738285	15.250498	-1.193967	19.185710	-2.997367	18.280105	-4.210006	12.840684	-6.035179	9.519394	-6.947314	22.814108	-3.597381	24.327197	-4.804870	24.026767	-6.015402	24.934764	-5.103578	20.400160	-7.530870	16.782742	-11.770804	21.318240	-12.967081	27.405453	-13.577313	21.627339	-15.383346	24.049758	-15.679077	20.726618	-17.502083	20.731447	-19.317036	14.987231	-18.423376	21.344930	-22.943779	21.043458	-23.247642	23.759539	-20.217261	20.137793	-24.459329	26.484383	-22.027891	27.093907	-23.537248	23.469795	-27.477434	22.866835	-28.083040	25.888588	-26.867742	23.778765	-29.595470	13.192743	-26.284280	12.289637	-25.681185	10.492328	-29.903502	6.870484	-28.407920	8.667536	-23.270898	3.861767	-26.018483	2.960838	-26.014792	1.173396	-29.919585	-0.623433	-28.426200	1.142811	-23.296872	
-0.614335	0.034348	-6.508728	0.987687	-5.538839	3.278034	-10.772544	6.212761	-16.334973	1.285235	-20.602134	3.240691	-19.620138	4.555610	-13.721931	6.534699	-10.120616	7.523755	-24.536723	3.891372	-26.177498	5.200738	-25.851708	6.513382	-26.836332	5.524638	-21.919087	8.156611	-17.996341	12.754351	-22.914788	14.051663	-29.515204	14.712925	-23.250026	16.671988	-25.877103	16.992707	-22.273228	18.969692	-22.278464	20.938010	-16.049058	19.968851	-22.943779	24.871419	-22.616830	25.200900	-25.562490	21.914358	-21.634607	26.515017	-28.517679	23.878040	-29.178724	25.514987	-25.248262	29.788242	-24.594333	30.445041	-27.871517	29.127013	-25.583346	32.085315	-14.102502	28.494235	-13.123059	27.840162	-11.173828	32.419380	-7.245838	30.797381	-9.194790	25.226140	-3.982802	28.205971	-3.005721	28.201968	-1.067190	32.436823	0.881519	30.817206	-1.034020	25.254309	
0.741171	-0.039176	6.102775	-0.906381	5.220713	-2.988861	9.979163	-5.656662	15.035925	-1.177120	18.915042	-2.954815	18.022346	-4.150169	12.660461	-5.949324	9.386511	-6.848458	22.491716	-3.546275	23.983235	-4.736552	23.687088	-5.929828	24.582142	-5.031001	20.112179	-7.423696	16.546331	-11.603190	21.017167	-12.782412	27.017625	-13.383962	21.321856	-15.164227	23.709733	-15.455741	20.433978	-17.252755	20.438739	-19.041826	14.776426	-18.160909	21.043458	-22.616830	20.746315	-22.916375	23.423641	-19.929208	19.853555	-24.110768	26.109613	-21.714012	26.710439	-23.201839	23.138025	-27.085818	22.543667	-27.682785	25.522313	-26.484824	23.442587	-29.173640	13.007579	-25.909685	12.117356	-25.315193	10.345687	-29.477277	6.775509	-28.003031	8.546925	-22.939290	3.809712	-25.647679	2.921636	-25.644041	1.159691	-29.493131	-0.611505	-28.021050	1.129542	-22.964892	
