0.223848	-0.018395	0.210545	-0.759675	0.155932	-1.027365	0.118112	-1.067386	0.200086	-0.900665	0.178695	-1.153108	0.208030	-1.152309	0.064580	-1.234284	0.124032	-1.281569	0.308007	-1.227826	0.362134	-1.059185	0.427120	-1.273885	0.481983	-1.134901	0.511884	-1.153607	0.735135	-1.087563	0.763550	-1.047126	0.773260	-1.036676	0.828372	-1.203818	0.847476	-1.182950	0.749546	-0.918148	0.849811	-0.944505	0.747813	-0.858647	0.941042	-1.001043	0.962889	-1.050447	0.775192	-0.788120	0.854791	-0.795736	0.762607	-0.709502	0.960971	-0.722751	0.724016	-0.529735	0.842736	-0.477078	0.851888	-0.435780	0.875095	-0.438527	0.799338	-0.418631	0.523974	-0.278851	0.654169	-0.404034	0.694026	-0.385686	0.143349	-0.601087	
-0.018395	0.003773	-0.017307	0.064399	-0.012840	0.086293	-0.009747	0.089566	-0.016451	0.075930	-0.014702	0.096577	-0.017101	0.096511	-0.005369	0.103216	-0.010231	0.107083	-0.025278	0.102687	-0.029704	0.088895	-0.035019	0.106454	-0.039506	0.095087	-0.041952	0.096617	-0.060210	0.091216	-0.062534	0.087909	-0.063329	0.087054	-0.067836	0.100724	-0.069398	0.099017	-0.061389	0.077360	-0.069589	0.079516	-0.061247	0.072494	-0.077051	0.084140	-0.078837	0.088180	-0.063487	0.066726	-0.069997	0.067349	-0.062457	0.060296	-0.078681	0.061380	-0.059301	0.045594	-0.069011	0.041287	-0.069759	0.037910	-0.071657	0.038134	-0.065461	0.036507	-0.042941	0.025075	-0.053589	0.035313	-0.056848	0.033813	-0.011811	0.051429	
0.210545	-0.017307	30.016437	-29.756065	22.596137	-66.127830	17.457483	-71.565487	28.595400	-48.912727	25.688920	-83.212783	29.674727	-83.104221	10.183927	-94.242329	18.261727	-100.667080	43.258866	-93.364917	50.613175	-70.451226	59.443071	-99.622926	66.897440	-80.738881	70.960130	-83.280597	101.293793	-74.307067	105.154588	-68.812715	106.473896	-67.392842	113.962065	-90.102832	116.557740	-87.267415	103.251717	-51.288152	116.875030	-54.869430	103.016305	-43.203623	129.270718	-62.551298	132.239209	-69.264000	106.736323	-33.621049	117.551659	-34.655856	105.026434	-22.938962	131.978635	-24.739117	99.783018	1.486368	115.913737	8.641010	117.157169	14.252187	120.310374	13.878925	110.017082	16.582258	72.602771	35.574555	90.292758	18.565682	95.708109	21.058552	20.886486	-8.208386	
-0.759675	0.064399	-29.756065	39.937556	-22.258347	76.688796	-17.066080	82.183185	-28.320202	59.294085	-25.383398	93.952000	-29.410790	93.842305	-9.716638	105.096620	-17.878715	111.588402	-43.136654	104.210053	-50.567693	81.057298	-59.489713	110.533354	-67.021856	91.452287	-71.126932	94.020522	-101.777072	84.953368	-105.678148	79.401693	-107.011221	77.967006	-114.577516	100.913934	-117.200272	98.048935	-103.755424	61.694293	-117.520872	65.312935	-103.517556	53.525415	-130.045886	73.074949	-133.045349	79.857687	-107.276386	43.842864	-118.204560	44.888468	-105.548657	33.049329	-132.782056	34.868265	-100.250535	8.369165	-116.549550	1.139877	-117.805954	-4.529843	-120.992058	-4.152687	-110.591374	-6.884224	-72.786711	-26.074672	-90.661262	-8.888341	-96.133112	-11.407220	-20.530859	18.165066	
0.155932	-0.012840	22.596137	-22.258347	26.146615	-57.959352	20.103646	-64.353606	33.203581	-37.712949	29.783553	-78.050414	34.470687	-77.922751	11.550434	-91.020628	21.049520	-98.575864	50.445007	-89.988858	59.093338	-63.043405	69.476892	-97.347990	78.242889	-75.141218	83.020425	-78.130160	118.691423	-67.577699	123.231542	-61.116593	124.782988	-59.446888	133.588732	-86.152795	136.641126	-82.818475	120.993852	-40.508510	137.014244	-44.719928	120.717018	-31.001473	151.591005	-53.753453	155.081816	-61.647284	125.091590	-19.732805	137.809929	-20.949691	123.080838	-7.171160	154.775392	-9.288060	116.914821	21.551909	135.883808	29.965440	137.346027	36.563926	141.054052	36.124988	128.949612	39.303984	84.952096	61.638056	105.754711	41.636399	112.122915	44.567900	24.136114	10.151322	
-1.027365	0.086293	-66.127830	76.688796	-57.959352	165.855432	-44.474428	180.124818	-73.705116	120.676974	-66.075405	210.689694	-76.534959	210.404805	-25.387287	239.633372	-46.584992	256.493210	-112.182415	237.330897	-131.481575	177.200846	-154.652965	253.753149	-174.214702	204.197686	-184.876001	210.867652	-264.477520	187.319335	-274.609009	172.901072	-278.071134	169.175046	-297.721569	228.770541	-304.533131	221.329848	-269.615500	126.913161	-305.365761	136.311140	-268.997731	105.697759	-337.894493	156.469877	-345.684402	174.085334	-278.759794	80.551193	-307.141370	83.266732	-274.272707	52.519289	-345.000602	57.243251	-260.512948	-11.577598	-302.843140	-30.352791	-306.106150	-45.077626	-314.380784	-44.098114	-287.369154	-51.192194	-189.186616	-101.031731	-235.608634	-56.397089	-249.819583	-62.938872	-53.472875	13.863349	
0.118112	-0.009747	17.457483	-17.066080	20.103646	-44.474428	15.475990	-49.372004	25.509209	-28.967633	22.889093	-59.861503	26.478776	-59.763729	8.925114	-69.794850	16.200083	-75.581069	38.712835	-69.004648	45.336222	-48.368276	53.288542	-74.640696	60.002045	-57.633476	63.660957	-59.922579	90.979853	-51.840899	94.456936	-46.892613	95.645122	-45.613857	102.389066	-66.066773	104.726765	-63.513159	92.743185	-31.109762	105.012520	-34.335107	92.531170	-23.828728	116.176240	-41.253499	118.849703	-47.299047	95.881467	-15.198535	105.621901	-16.130496	94.341518	-5.578107	118.615026	-7.199350	89.619229	16.419667	104.146767	22.863231	105.266618	27.916731	108.106437	27.580567	98.836162	30.015224	65.140341	47.119937	81.072176	31.801521	85.949312	34.046633	18.563973	7.688444	
-1.067386	0.089566	-71.565487	82.183185	-64.353606	180.124818	-49.372004	195.978956	-81.847043	129.931045	-73.370799	229.936859	-84.991594	229.620339	-28.165379	262.093945	-51.716535	280.825564	-124.596705	259.535816	-146.038491	192.730022	-171.782410	277.781297	-193.515925	222.724099	-205.360860	230.134576	-293.799881	203.971884	-305.056185	187.952879	-308.902682	183.813184	-330.734742	250.025076	-338.302537	241.758303	-299.508288	136.859308	-339.227607	147.300668	-298.821934	113.288535	-375.367737	169.697464	-384.022495	189.268621	-309.667799	85.350153	-341.200347	88.367176	-304.682546	54.206097	-383.262779	59.454521	-289.395155	-17.006940	-336.424920	-37.866588	-340.050195	-54.226201	-349.243494	-53.137942	-319.232984	-61.019618	-210.150046	-116.392429	-261.725920	-66.802370	-277.514593	-74.070433	-59.369125	11.258507	
0.200086	-0.016451	28.595400	-28.320202	33.203581	-73.705116	25.509209	-81.847043	42.198398	-47.919097	37.834427	-99.286538	43.802334	-99.123989	14.619145	-115.800791	26.713676	-125.420763	64.141763	-114.487286	75.153350	-80.178702	88.374322	-123.857371	99.535720	-95.582362	105.618771	-99.388064	151.037249	-85.952030	156.818003	-77.725358	158.793398	-75.599389	170.005406	-109.602970	173.891900	-105.357511	153.968842	-51.485897	174.366976	-56.848131	153.616360	-39.380962	192.926993	-68.350162	197.371704	-78.401067	159.186329	-25.033010	175.380091	-26.582423	156.626118	-9.038762	196.981547	-11.734127	148.775171	27.533192	172.927636	38.245810	174.789422	46.647403	179.510705	46.088520	164.098597	50.136211	108.078291	78.573305	134.565442	53.105983	142.673826	56.838548	30.643694	13.017274	
-0.900665	0.075930	-48.912727	59.294085	-37.712949	120.676974	-28.967633	129.931045	-47.919097	91.382615	-42.976445	149.753234	-49.759760	149.568475	-16.588925	168.524118	-30.336344	179.458147	-72.878174	167.030824	-85.394235	128.034754	-100.421549	177.681129	-113.107899	145.542983	-120.022059	149.868648	-171.645939	134.596885	-178.216502	125.246226	-180.461790	122.829791	-193.205663	161.479188	-197.623158	156.653683	-174.978067	95.421739	-198.163143	101.516600	-174.577427	81.662940	-219.258963	114.590122	-224.310944	126.014254	-180.908406	65.354667	-199.314676	67.115772	-177.998400	47.175168	-223.867480	50.238794	-169.074800	5.606489	-196.527150	-6.569765	-198.643306	-16.119245	-204.009645	-15.484003	-186.491824	-20.084718	-122.817617	-52.407095	-152.923634	-23.460243	-162.139844	-27.702778	-34.803343	22.105677	
0.178695	-0.014702	25.688920	-25.383398	29.783554	-66.075405	22.889093	-73.370799	37.834427	-42.976445	33.933917	-88.998527	39.281257	-88.852657	13.130250	-103.796709	23.968295	-112.416799	57.506970	-102.619397	67.374207	-71.876214	79.221231	-111.015736	89.222718	-85.679114	94.673606	-89.089321	135.372120	-77.049583	140.552129	-69.677840	142.322238	-67.772805	152.369075	-98.242677	155.851677	-94.438413	137.999057	-46.165228	156.277383	-50.970209	137.683205	-35.318258	172.908612	-61.276930	176.891421	-70.283328	142.674335	-22.461369	157.185213	-23.849765	140.380185	-8.129270	176.541810	-10.544528	133.345121	24.642065	154.987622	34.241410	156.655927	41.769896	160.886567	41.269093	147.076111	44.896140	96.877529	70.378005	120.612091	47.557289	127.877838	50.901960	27.490065	11.634665	
-1.153108	0.096577	-83.212783	93.952000	-78.050414	210.689694	-59.861503	229.936859	-99.286538	149.753234	-88.998527	271.165383	-103.106863	270.780881	-34.115187	310.206418	-62.708186	332.948104	-151.190503	307.100609	-177.222477	225.993168	-208.477596	329.252056	-234.863772	262.408346	-249.244438	271.405239	-356.616276	239.641700	-370.282303	220.193384	-374.952248	215.167473	-401.458065	295.553850	-410.645954	285.517346	-363.546725	158.161824	-411.769061	170.838445	-362.713438	129.545076	-455.645984	198.029894	-466.153532	221.790797	-375.881159	95.625711	-414.164121	99.288611	-369.828676	57.814409	-465.231178	64.186404	-351.268596	-28.643745	-408.366381	-53.968977	-412.767747	-73.830817	-423.929126	-72.509586	-387.494037	-82.078553	-255.058883	-149.305444	-317.675998	-89.099263	-336.844672	-97.923256	-71.999141	5.672701	
0.208030	-0.017101	29.674727	-29.410790	34.470687	-76.534959	26.478776	-84.991594	43.802334	-49.759760	39.281257	-103.106862	45.480971	-102.938309	15.166351	-120.261009	27.729689	-130.253365	66.607385	-118.896237	78.045330	-83.259200	91.778223	-128.629140	103.371796	-99.259315	109.690384	-103.212376	156.867475	-89.256095	162.872061	-80.710885	164.923944	-78.502597	176.570082	-113.822804	180.607062	-109.412960	159.912579	-53.455427	181.100533	-59.025287	159.546449	-40.881785	200.379198	-70.972679	204.996009	-81.412757	165.332089	-25.978278	182.152876	-27.587685	162.672746	-9.364729	204.590745	-12.164460	154.517809	28.623298	179.605462	39.750711	181.539336	48.477616	186.443429	47.897093	170.434561	52.101510	112.245137	81.639695	139.757876	55.186273	148.180218	59.063364	31.812256	13.545321	
-1.152309	0.096511	-83.104221	93.842305	-77.922751	210.404805	-59.763729	229.620339	-99.123989	149.568475	-88.852656	270.780881	-102.938309	270.397479	-34.059738	309.757958	-62.605747	332.462223	-150.942488	306.657158	-176.931571	225.683322	-208.135203	328.772107	-234.477915	262.038513	-248.834893	271.020586	-356.029842	239.309375	-369.673356	219.893099	-374.335608	214.875467	-400.797757	295.129414	-409.970511	285.109444	-362.948874	157.963731	-411.091768	170.619469	-362.116960	129.394127	-454.896406	197.766121	-465.386644	221.487880	-375.262989	95.530642	-413.482882	99.187507	-369.220476	57.781632	-464.465809	64.143129	-350.690973	-28.534089	-407.694693	-53.817599	-412.088808	-73.646717	-423.231799	-72.327663	-386.856735	-81.880866	-254.639759	-148.997005	-317.153716	-88.890010	-336.290811	-97.699466	-71.881595	5.725823	
0.064580	-0.005369	10.183927	-9.716638	11.550433	-25.387287	8.925114	-28.165379	14.619145	-16.588925	13.130250	-34.115187	15.166351	-34.059738	5.210403	-39.748989	9.336243	-43.031368	22.105567	-39.301248	25.862402	-27.596135	30.373022	-42.498050	34.180971	-32.851428	36.256334	-34.149825	51.751813	-29.565836	53.724040	-26.759132	54.397988	-26.033813	58.223203	-37.634857	59.549163	-36.186429	52.751988	-17.806982	59.711245	-19.636422	52.631731	-13.677126	66.043390	-23.560585	67.559798	-26.989664	54.532045	-8.782017	60.056891	-9.310633	53.658575	-3.325239	67.426687	-4.244821	50.980057	9.152060	59.220184	12.806898	59.855372	15.673280	61.466138	15.482605	56.207970	16.863561	37.095451	26.565480	46.132106	17.876762	48.898453	19.150205	10.676992	4.199646	
-1.234284	0.103216	-94.242329	105.096620	-91.020628	239.633372	-69.794850	262.093945	-115.800791	168.524119	-103.796709	310.206418	-120.261009	309.757958	-39.748989	355.767303	-73.116752	382.305634	-176.373433	352.142190	-206.752148	257.491831	-243.226100	377.992354	-274.018118	299.987378	-290.800011	310.486533	-416.100319	273.419260	-432.048239	250.723551	-437.497951	244.858435	-468.429591	338.667373	-479.151633	326.955018	-424.187984	178.334236	-480.462272	193.127543	-423.215558	144.939190	-531.665569	224.859299	-543.927620	252.587692	-438.581968	105.356120	-483.257249	109.630635	-431.518868	61.231255	-542.851256	68.667218	-409.859708	-39.663298	-476.491428	-69.217225	-481.627714	-92.395506	-494.652770	-90.853662	-452.133912	-102.020413	-297.585325	-180.472551	-370.657966	-110.213409	-393.027341	-120.510793	-83.959080	0.383156	
0.124032	-0.010231	18.261727	-17.878715	21.049520	-46.584991	16.200083	-51.716535	26.713676	-30.336344	23.968295	-62.708186	27.729689	-62.605747	9.336243	-73.116752	16.959770	-79.179054	40.548626	-72.288482	47.488679	-50.665487	55.821202	-78.193973	62.855673	-60.373650	66.689516	-62.772195	95.314507	-54.304136	98.957826	-49.119276	100.202819	-47.779384	107.269185	-69.210137	109.718647	-66.534437	97.162142	-32.581859	110.018064	-35.961406	96.939991	-24.952725	121.715512	-43.210560	124.516791	-49.545142	100.450463	-15.909930	110.656579	-16.886448	98.836891	-5.829557	124.270894	-7.528311	93.888832	17.219912	109.110920	23.971538	110.284310	29.266642	113.259899	28.914406	103.546420	31.465462	68.239628	49.387938	84.933152	33.337161	90.043460	35.689609	19.436482	8.071256	
-1.281569	0.107083	-100.667081	111.588402	-98.575864	256.493211	-75.581069	280.825565	-125.420764	179.458147	-112.416799	332.948105	-130.253366	332.462224	-43.031369	382.305635	-79.179054	411.058286	-191.043675	378.379843	-223.954958	275.838821	-263.469609	406.385083	-296.828662	321.877068	-315.009606	333.251504	-450.755829	293.094044	-468.033279	268.506261	-473.937318	262.152188	-507.447636	363.781697	-519.063544	351.092918	-459.517738	190.082064	-520.483446	206.108645	-458.464244	153.902973	-575.955409	240.485783	-589.239712	270.525810	-475.111705	111.019980	-523.511432	115.650848	-467.459776	63.216556	-588.073614	71.272433	-443.994956	-46.089276	-516.181564	-78.107025	-521.746047	-103.217611	-535.856964	-101.547228	-489.793435	-113.644917	-322.360592	-198.637377	-401.525082	-122.520940	-425.759325	-133.676786	-90.924962	-2.704268	
0.308007	-0.025278	43.258865	-43.136654	50.445006	-112.182414	38.712834	-124.596704	64.141762	-72.878173	57.506969	-151.190501	66.607384	-150.942486	22.105566	-176.373430	40.548626	-191.043672	97.626221	-174.372277	114.419079	-122.049693	134.581878	-188.662111	151.603601	-145.541244	160.880585	-151.345148	230.146112	-130.854496	238.962060	-118.308396	241.974640	-115.066183	259.073531	-166.923402	265.000635	-160.448857	234.616941	-78.291862	265.725151	-86.469545	234.079388	-59.831209	294.030136	-104.010737	300.808551	-119.338886	242.573880	-37.949841	267.270203	-40.312776	238.669426	-13.557785	300.213540	-17.668357	226.696325	42.216335	263.530083	58.553632	266.369402	71.366496	273.569603	70.514171	250.065343	76.687108	164.631479	120.055147	205.025754	81.216165	217.391458	86.908519	46.539714	20.078809	
-1.227826	0.102687	-93.364916	104.210053	-89.988858	237.330896	-69.004648	259.535814	-114.487285	167.030823	-102.619396	307.100607	-118.896236	306.657156	-39.301247	352.142187	-72.288482	378.379839	-174.372278	348.560859	-204.406380	254.983421	-240.466930	374.117838	-270.909847	296.997232	-287.501504	307.377365	-411.381208	270.730337	-427.148317	248.291943	-432.536243	242.493324	-463.117193	335.238696	-473.717673	323.659131	-419.377178	176.723347	-475.013453	191.348934	-418.415777	143.706920	-525.636228	222.720929	-537.759258	250.134950	-433.607969	104.572626	-477.776741	108.798677	-426.624947	60.948029	-536.695097	68.299686	-405.211350	-38.802625	-471.087628	-68.021482	-476.165681	-90.936978	-489.043065	-89.412615	-447.006267	-100.452762	-294.209885	-178.015444	-366.454060	-108.552870	-388.569821	-118.733507	-83.005641	0.789800	
0.362134	-0.029704	50.613175	-50.567693	59.093337	-131.481574	45.336222	-146.038491	75.153350	-85.394235	67.374206	-177.222477	78.045330	-176.931571	25.862402	-206.752147	47.488679	-223.954956	114.419081	-204.406381	134.112079	-143.049874	157.756034	-221.163679	177.716810	-170.597354	188.595571	-177.403375	269.820860	-153.374705	280.159018	-138.662328	283.691766	-134.860296	303.743043	-195.671461	310.693552	-188.078987	275.063647	-91.736324	311.543167	-101.326010	274.433277	-70.088156	344.735442	-121.895959	352.684255	-139.870748	284.394474	-44.428634	313.354996	-47.199566	279.815855	-15.824915	351.986507	-20.645240	265.775416	49.579464	308.969088	68.737645	312.298659	83.762848	320.742085	82.763355	293.179452	90.002145	192.994120	140.858342	240.363087	95.313213	254.863920	101.988439	54.511998	23.619554	
-1.059185	0.088895	-70.451226	81.057299	-63.043405	177.200846	-48.368276	192.730022	-80.178702	128.034754	-71.876214	225.993168	-83.259200	225.683322	-27.596136	257.491832	-50.665487	275.838820	-122.049695	254.983423	-143.049874	189.553356	-168.263715	272.853077	-189.549651	218.929678	-201.150684	226.187553	-287.768468	200.563630	-298.792971	184.874506	-302.560256	180.820059	-323.942727	245.668446	-331.354678	237.571911	-293.359321	134.833108	-332.260698	145.059449	-292.687101	111.747730	-367.656591	166.995026	-376.133121	186.163152	-303.309617	84.384684	-334.192813	87.339577	-298.427026	53.881980	-375.389050	59.022323	-283.454449	-15.864562	-329.515726	-36.294646	-333.066346	-52.317364	-342.070327	-51.251516	-312.677825	-58.970884	-205.841240	-113.203399	-256.355008	-64.634552	-271.818544	-71.752943	-58.165361	11.818812	
0.427120	-0.035019	59.443065	-59.489707	69.476884	-154.652950	53.288537	-171.782392	88.374313	-100.421539	79.221223	-208.477574	91.778214	-208.135182	30.373019	-243.226075	55.821196	-263.469582	134.581866	-240.466908	157.756019	-168.263697	185.580421	-260.186821	209.069817	-200.680785	221.871900	-208.690066	317.457500	-180.413232	329.623405	-163.099762	333.780729	-158.625546	357.376993	-230.187888	365.556326	-221.253093	323.627193	-107.877424	366.556149	-119.162529	322.885376	-82.401945	405.616689	-143.369165	414.970821	-164.521826	334.607673	-52.205919	368.688303	-55.466741	329.219572	-18.545175	414.149713	-24.217714	312.696838	58.422443	363.526982	80.967716	367.445208	98.649315	377.381400	97.473117	344.945801	105.991696	227.048094	165.839070	282.791709	112.241740	299.856231	120.097121	64.082870	27.872921	
-1.273885	0.106454	-99.622923	110.533351	-97.347987	253.753141	-74.640693	277.781288	-123.857367	177.681124	-111.015732	329.252046	-128.629135	328.772097	-42.498048	377.992342	-78.193970	406.385069	-188.662107	374.117828	-221.163672	272.853068	-260.186839	401.775035	-293.130802	318.318084	-311.085609	329.551037	-445.143779	289.892971	-462.206379	265.610944	-468.036998	259.335886	-501.130603	359.701594	-512.602062	347.170605	-453.796732	188.161982	-514.004308	203.989267	-452.756338	152.432791	-568.786456	237.938912	-581.905563	267.605380	-469.196782	110.083065	-516.994639	114.656347	-461.640007	62.874095	-580.753966	70.829794	-438.466981	-45.072477	-509.755922	-76.692074	-515.251208	-101.490399	-529.186650	-99.840788	-483.695939	-111.788039	-318.345187	-195.723584	-396.525237	-120.553684	-420.458117	-131.570803	-89.787546	-2.226977	
0.481983	-0.039506	66.897448	-67.021863	78.242897	-174.214721	60.002052	-193.515946	99.535731	-113.107912	89.222728	-234.863798	103.371808	-234.477941	34.180975	-274.018148	62.855680	-296.828694	151.603619	-270.909879	177.716830	-189.549672	209.069861	-293.130845	235.539167	-226.077508	249.964806	-235.102634	357.673003	-203.239570	371.381834	-183.730342	376.066407	-178.688689	402.655246	-259.326855	411.871914	-249.258914	364.625159	-121.504484	412.998539	-134.220811	363.789261	-92.798101	457.012895	-161.497430	467.553355	-185.332758	376.998228	-58.772492	415.401101	-62.446865	370.926787	-20.842756	466.628112	-27.234710	352.308572	65.886206	409.585201	91.290762	414.000353	111.214814	425.196692	109.889445	388.647479	119.488384	255.797506	186.925847	318.610753	126.531084	337.839471	135.382715	72.164382	31.462274	
-1.134901	0.095087	-80.738880	91.452286	-75.141217	204.197684	-57.633475	222.724096	-95.582360	145.542981	-85.679113	262.408342	-99.259313	262.038509	-32.851428	299.987374	-60.373649	321.877063	-145.541244	296.997229	-170.597351	218.929675	-200.680802	318.318089	-226.077479	253.980879	-239.918893	262.640310	-343.264583	232.067865	-356.418180	213.348793	-360.913017	208.511336	-386.424950	285.883482	-395.268323	276.223315	-349.935164	153.643218	-396.349317	165.844506	-349.133123	126.099506	-438.580996	192.016363	-448.694545	214.886308	-361.807097	93.452009	-398.654570	96.977562	-355.981563	57.058510	-447.806776	63.191576	-338.117426	-26.157740	-393.074227	-50.533356	-397.310555	-69.650440	-408.053418	-68.378751	-372.984529	-77.588913	-245.515270	-142.295010	-305.784443	-84.346369	-324.234353	-92.839490	-69.319682	6.871950	
0.511884	-0.041952	70.960133	-71.126935	83.020429	-184.876010	63.660960	-205.360870	105.618777	-120.022065	94.673611	-249.244451	109.690389	-248.834905	36.256335	-290.800026	66.689520	-315.009621	160.880595	-287.501521	188.595581	-201.150694	221.871934	-311.085636	249.964791	-239.918909	265.275926	-249.497618	379.590988	-215.680033	394.140756	-194.974055	399.112693	-189.623133	427.332560	-275.207856	437.114602	-264.522321	386.969608	-128.931101	438.310338	-142.427481	386.082435	-98.463794	485.024649	-171.377319	496.211688	-196.674768	400.101673	-62.350966	440.860279	-66.250734	393.657794	-22.094521	495.229688	-28.878574	373.897490	69.954621	434.687617	96.917560	439.373605	118.063804	451.256757	116.657133	412.465521	126.844897	271.466185	198.419149	338.132559	134.319615	358.540815	143.714228	76.568523	33.419035	
-1.153607	0.096617	-83.280599	94.020523	-78.130162	210.867656	-59.922580	230.134580	-99.388067	149.868650	-89.089323	271.405244	-103.212378	271.020591	-34.149826	310.486539	-62.772196	333.251510	-151.345153	307.377374	-177.403380	226.187557	-208.690092	329.551054	-235.102614	262.640319	-249.497611	271.646371	-356.977457	239.850840	-370.657215	220.382988	-375.331853	215.352027	-401.864305	295.819182	-411.061427	285.772593	-363.914868	158.289092	-412.185663	170.978452	-363.080744	129.643587	-456.106677	198.197225	-466.624784	221.982005	-376.261698	95.690137	-414.583130	99.356717	-370.203132	57.840839	-465.701503	64.219237	-351.624401	-28.704197	-408.779564	-54.054878	-413.185352	-73.936676	-424.357947	-72.614118	-387.886245	-82.192701	-255.318008	-149.487148	-317.998046	-89.220465	-337.185984	-98.053325	-72.074312	5.646733	
0.735134	-0.060210	101.293599	-101.776876	118.691195	-264.477011	90.979678	-293.799315	151.036959	-171.645609	135.371860	-356.615588	156.867173	-356.029156	51.751714	-416.099517	95.314324	-450.754959	230.145671	-411.380418	269.820341	-287.767913	317.456921	-445.142937	357.672274	-343.263927	379.590238	-356.976761	543.268220	-308.552793	564.102366	-278.903576	571.221971	-271.241299	611.631574	-393.794740	625.639249	-378.493830	553.833656	-184.332893	627.351310	-203.659117	552.563255	-140.705054	694.244155	-245.114015	710.263497	-281.338841	572.638187	-88.993076	631.002714	-94.577372	563.410837	-31.347621	708.857312	-41.062087	535.114952	100.462692	622.163734	139.072431	628.873861	169.352919	645.890012	167.338631	590.342673	181.927066	388.437863	284.418202	483.901155	192.630527	513.124825	206.083215	109.352878	48.145295	
-1.087564	0.091216	-74.307199	84.953502	-67.577855	187.319683	-51.841018	203.972270	-85.952229	134.597111	-77.049761	239.642169	-89.256301	239.309843	-29.565904	273.419807	-54.304261	293.094636	-130.854800	270.730880	-153.375061	200.564008	-180.413668	289.893566	-203.240019	232.068320	-215.680522	239.851305	-308.554103	212.379089	-320.373861	195.558108	-324.412788	191.211307	-347.337096	260.735823	-355.283374	252.055287	-314.548366	141.908406	-356.254833	152.872142	-313.827680	117.158395	-394.203034	176.389437	-403.290790	196.939735	-325.216159	87.822265	-358.326269	90.990229	-319.981496	55.120084	-402.493067	60.631085	-303.929281	-19.655715	-353.311928	-41.558963	-357.118576	-58.737043	-366.771811	-57.594337	-335.259886	-65.870327	-220.719554	-124.013443	-274.875761	-71.942390	-291.454369	-79.574063	-62.395201	10.023811	
0.763549	-0.062534	105.154438	-105.677996	123.231365	-274.608614	94.456800	-305.055747	156.817778	-178.216246	140.551927	-370.281771	162.871827	-369.672825	53.723964	-432.047618	98.957684	-468.032605	238.961720	-427.147706	280.158616	-298.792541	329.622965	-462.205731	371.381260	-356.417674	394.140170	-370.656674	564.102642	-320.372658	585.738319	-289.583271	593.131271	-281.626753	635.093899	-408.890492	649.640136	-393.001710	575.074574	-191.377764	651.418101	-211.446808	573.755345	-146.072958	720.882144	-254.495149	737.517257	-292.112399	594.601921	-92.373273	655.209862	-98.172219	585.019891	-32.512045	736.057031	-42.599914	555.636371	104.364787	646.031129	144.458605	652.999181	175.903014	670.669397	173.811300	612.986932	188.960482	403.321306	295.391181	502.454017	200.075364	532.801007	214.045139	113.508913	50.036435	
-1.047125	0.087909	-68.812614	79.401590	-61.116474	172.900806	-46.892522	187.952584	-77.725207	125.246053	-69.677705	220.193026	-80.710727	219.892742	-26.759081	250.723133	-49.119181	268.505808	-118.308167	248.291532	-138.662057	184.874217	-163.099460	265.610505	-183.729963	213.348451	-194.973664	220.382626	-278.903567	195.557432	-289.583121	180.358969	-293.232901	176.430876	-313.947131	239.252365	-321.127032	231.408436	-284.319600	131.881700	-322.004803	141.788363	-283.668390	109.518039	-356.294137	163.038171	-364.505636	181.607024	-293.958809	83.010444	-323.876509	85.872956	-289.228863	53.461340	-363.784834	58.440983	-274.724372	-14.104723	-319.345641	-33.896104	-322.785257	-49.417904	-331.507749	-48.385378	-303.034142	-55.863421	-199.537589	-108.400452	-248.472142	-61.350023	-263.452217	-68.245880	-56.478421	12.713213	
0.773253	-0.063328	106.472964	-107.010279	124.781891	-278.068687	95.644283	-308.899964	158.792002	-180.460203	142.320987	-374.948948	164.922494	-374.332313	54.397512	-437.494100	100.201939	-473.933144	241.972514	-432.532438	283.689270	-302.557593	333.777825	-468.032894	376.063055	-360.909847	399.109159	-375.328541	571.218041	-324.409181	593.126899	-293.230895	600.613935	-285.173228	643.106697	-414.045922	657.836892	-397.956377	582.328685	-193.783397	659.637467	-214.106170	580.992760	-147.905770	729.979790	-257.698808	746.825194	-295.791652	602.102916	-93.527119	663.477170	-99.399382	592.399734	-32.909016	745.346566	-43.124436	562.644696	105.698460	654.182387	146.299217	661.238535	178.141194	679.132177	176.023041	620.720388	191.363793	408.403877	299.140049	508.789938	202.619192	539.520441	216.765652	114.926688	50.683017	
-1.036678	0.087054	-67.393208	77.967376	-59.447318	169.176006	-45.614187	183.814249	-75.599936	122.830413	-67.773295	215.168767	-78.503166	214.876759	-26.033999	244.859945	-47.779730	262.153823	-115.067019	242.494818	-134.861276	180.821103	-158.626714	259.337509	-178.689967	208.512585	-189.624502	215.353318	-271.243794	191.212070	-281.629206	176.432159	-285.177810	172.613205	-305.321302	233.702493	-312.303178	226.074691	-276.510502	129.291961	-313.156644	138.925482	-275.877259	107.544918	-346.500536	159.589376	-354.485683	177.646285	-285.883947	81.768201	-314.976742	84.551789	-281.284416	53.033840	-353.784692	57.876180	-267.179847	-12.669263	-310.570800	-31.914947	-313.915581	-47.008778	-322.397569	-46.004717	-294.709047	-53.276556	-194.066095	-104.365092	-241.651442	-58.611890	-256.218590	-65.317580	-54.951690	13.409135	
0.828365	-0.067835	113.961068	-114.576508	133.587559	-297.718950	102.388168	-330.731834	170.003912	-193.203965	152.367736	-401.454533	176.568531	-400.794232	58.222693	-468.425469	107.268244	-507.443170	259.071256	-463.113122	303.740372	-323.939878	357.373886	-501.126211	402.651659	-386.421557	427.328779	-401.860761	611.627370	-347.333236	635.089221	-313.944986	643.106701	-305.316396	688.612585	-443.324494	704.386443	-426.094110	623.525634	-207.447813	706.314558	-229.211250	622.094993	-158.318084	781.643240	-275.894023	799.682759	-316.687136	644.701562	-100.084722	710.426426	-106.373243	634.310558	-35.169609	798.099260	-46.109167	602.446290	113.263266	700.472767	156.742068	708.029101	190.841212	727.191160	188.572910	664.638764	205.001113	437.271877	320.417255	544.773956	217.054368	577.682844	232.203619	122.991135	54.347977	
-1.203816	0.100724	-90.102529	100.913628	-86.152439	228.769748	-66.066501	250.024194	-109.602517	161.478673	-98.242271	295.552779	-113.822334	295.128345	-37.634703	338.666123	-69.209852	363.780343	-166.922713	335.237463	-195.670652	245.667582	-230.186958	359.700269	-259.325752	285.882456	-275.206702	295.818105	-393.793867	260.734379	-408.889385	239.251924	-414.047851	233.700251	-443.326557	322.495566	-453.475298	311.408950	-401.449288	170.731384	-454.715958	184.734055	-400.528823	139.121157	-503.182671	214.769895	-514.789361	241.016321	-415.073963	101.653626	-457.361551	105.699683	-408.388357	59.887036	-513.770528	66.925581	-387.886783	-35.615152	-450.957334	-63.589553	-455.819106	-85.529055	-468.148033	-84.069619	-427.901620	-94.639566	-281.612999	-168.898738	-350.780209	-102.394677	-371.953971	-112.141731	-79.403956	2.291061	
0.847468	-0.069398	116.556621	-117.199141	136.639810	-304.530194	104.725757	-338.299274	173.890224	-197.621253	155.850176	-410.641992	180.605321	-409.966556	59.548591	-479.147010	109.717591	-519.058534	264.998083	-473.713106	310.690557	-331.351481	365.552836	-512.597134	411.867895	-395.264517	437.110363	-411.057453	625.634416	-355.279124	649.634799	-321.124565	657.836337	-312.297895	704.385844	-453.472802	720.523365	-435.848317	637.805798	-212.182513	722.495266	-234.445560	636.342295	-161.924928	799.553249	-282.200020	818.006901	-323.929608	659.467838	-102.354720	726.701529	-108.787605	648.838291	-35.949369	816.387045	-47.140065	616.242524	115.891036	716.519367	160.367970	724.249169	195.249917	743.851126	192.929543	679.862733	209.734886	447.276258	327.800589	557.246225	222.064843	590.910575	237.561876	125.780614	55.623228	
-1.182948	0.099017	-87.267151	98.048668	-82.818165	221.329156	-63.512922	241.757535	-105.357116	156.653235	-94.438060	285.516413	-109.412550	285.108513	-36.186294	326.953929	-66.534189	351.091738	-160.448258	323.658057	-188.078282	237.571159	-221.252286	347.169451	-249.257951	276.222422	-264.521314	285.771654	-378.493137	252.053982	-393.000798	231.408087	-397.958385	226.072608	-426.096258	311.409056	-435.850885	300.755683	-385.850432	165.555798	-437.042848	179.013191	-384.965802	135.176498	-483.622229	207.879412	-494.776951	233.103784	-398.944545	99.167982	-439.585420	103.056484	-392.519281	59.027817	-493.797787	65.792276	-372.816054	-32.755441	-433.430588	-59.640497	-438.103039	-80.725658	-449.951868	-79.323053	-411.272682	-89.481397	-270.680651	-160.848864	-337.154438	-96.934518	-357.503686	-106.302012	-76.345804	3.674668	
0.749537	-0.061388	103.250601	-103.754297	120.992541	-269.612572	92.742180	-299.505035	153.967171	-174.976168	137.997560	-363.542776	159.910844	-362.944932	52.751418	-424.183376	97.161090	-459.512744	234.614397	-419.372625	275.060661	-293.356135	323.623710	-453.791817	364.621157	-349.931369	386.965384	-363.910907	553.828704	-314.544222	575.069149	-284.317070	582.327483	-276.505490	623.524343	-401.446590	637.805020	-385.847689	564.600586	-187.903859	639.550355	-207.606581	563.305323	-143.426134	707.746352	-249.869089	724.077782	-286.799619	583.771342	-90.706749	643.272876	-96.399825	574.364237	-31.938289	722.644187	-41.842011	545.517119	102.439835	634.261706	141.801735	641.102548	172.672111	658.450200	170.618592	601.820739	185.491254	395.982692	289.978889	493.305644	196.403212	523.098423	210.118030	111.460311	49.103048	
-0.918159	0.077361	-51.289675	61.695831	-40.510300	126.917156	-31.111133	136.863747	-51.488177	95.424330	-46.167271	158.167212	-53.457794	157.969111	-17.807760	178.340524	-32.583296	190.088876	-78.295339	176.729565	-91.740401	134.837455	-107.882232	188.168715	-121.509876	153.648406	-128.936831	158.294483	-184.341462	141.912824	-191.386569	131.886096	-193.793737	129.295389	-207.458885	170.737888	-212.194019	165.561999	-187.914270	99.912586	-212.770613	106.446597	-187.485110	85.162005	-235.386749	120.462239	-240.802645	132.709584	-194.272324	67.678395	-214.005152	69.566427	-191.152588	48.188692	-240.327471	51.473103	-181.585854	3.624116	-211.016721	-9.429689	-213.285401	-19.667425	-219.038485	-18.986385	-200.258134	-23.918628	-131.994709	-58.570758	-164.270617	-27.537462	-174.151404	-32.085658	-37.638066	21.312084	
0.849791	-0.069588	116.872339	-117.518153	137.011080	-305.358701	105.010097	-339.219762	174.362947	-198.158563	156.273773	-411.759537	181.096349	-411.082259	59.709871	-480.451158	110.015525	-520.471404	265.719011	-475.002468	311.535964	-332.253014	366.547708	-513.992435	412.988940	-396.340157	438.300176	-412.176120	627.338001	-356.245770	651.403960	-321.997991	659.628010	-313.147127	706.304427	-454.707323	722.485516	-437.034380	639.542507	-212.756215	724.465248	-235.080325	638.074768	-162.360179	801.735323	-282.966482	820.239906	-324.811121	661.264035	-102.625830	728.682975	-109.076410	650.605214	-36.037492	818.615652	-47.259046	617.919637	116.221272	718.472767	160.820753	726.223859	195.798796	745.879835	193.472042	681.715141	210.323729	448.487959	328.714531	558.760823	222.687632	592.517639	238.227442	126.105748	55.787129	
-0.944517	0.079517	-54.871020	65.314541	-44.721798	136.315312	-34.336539	147.305303	-56.850511	101.519306	-50.972342	170.844072	-59.027759	170.625087	-19.637234	193.134110	-35.962907	206.115759	-86.473176	191.355428	-101.330267	145.063988	-119.167551	203.996299	-134.226441	165.849925	-142.433465	170.984082	-203.668087	152.876742	-211.456020	141.792965	-214.117073	138.929021	-229.222924	184.740881	-234.457700	179.019697	-207.617578	106.446427	-235.095662	113.670264	-207.143021	90.140097	-260.097570	129.164043	-266.084806	142.703319	-214.646184	70.812267	-236.460482	72.899470	-211.197365	49.266747	-265.559321	52.897597	-200.621510	0.001390	-233.156819	-14.429365	-235.664801	-25.746998	-242.024739	-24.994125	-221.263389	-30.446648	-145.799415	-68.753896	-181.479831	-34.447196	-192.402756	-39.475183	-41.489557	19.555218	
0.747812	-0.061247	103.016180	-103.517430	120.716872	-268.997405	92.531058	-298.821572	153.616174	-174.577215	137.683039	-362.712998	159.546256	-362.116521	52.631668	-423.215045	96.939874	-458.463687	234.079108	-418.415273	274.432946	-292.686746	322.885017	-452.755805	363.788780	-349.132706	386.081947	-363.080296	552.563651	-313.826572	573.755474	-283.668602	580.997173	-275.874918	622.099715	-400.529998	636.347666	-384.966782	563.310763	-187.476528	638.088762	-207.134044	562.018880	-143.100859	706.128324	-249.299593	722.422340	-286.145414	582.437821	-90.502516	641.802731	-96.182506	573.052331	-31.869013	720.991748	-41.749982	544.271461	102.200521	632.812246	141.472026	639.637386	172.271519	656.945189	170.222704	600.445776	185.061176	395.080325	289.309029	492.179861	195.948097	521.904475	209.631344	111.211998	48.986458	
-0.858679	0.072497	-43.207999	53.529837	-31.006620	105.709243	-23.832669	113.301294	-39.387514	81.670387	-35.324129	129.560566	-40.888592	129.409592	-13.679362	144.957267	-24.956855	153.922556	-59.841203	143.724793	-70.099875	111.760226	-82.415744	152.452136	-92.813630	126.114417	-98.480281	129.659091	-140.728940	117.171608	-146.097690	109.530285	-147.931900	107.556181	-158.346066	139.138688	-161.953689	135.193309	-143.451761	85.167873	-162.391200	90.146713	-143.125053	73.929068	-179.623506	100.825835	-183.750104	110.157609	-148.296554	60.607407	-163.331829	62.045974	-145.919499	45.757395	-183.387862	48.259910	-138.630199	11.801778	-161.054808	1.855544	-162.783433	-5.945049	-167.166921	-5.426099	-152.857379	-9.184073	-100.844274	-35.587528	-125.436903	-11.941486	-132.966271	-15.406722	-28.951960	25.278253	
0.940957	-0.077044	129.259167	-130.034215	151.577422	-337.864182	116.165837	-375.334061	192.909698	-219.239306	172.893114	-455.605098	200.361233	-454.855588	66.037489	-531.617856	121.704613	-575.903718	294.003765	-525.589061	344.704515	-367.623608	405.580333	-568.735429	456.971831	-438.541651	484.981095	-456.065741	694.183162	-394.166758	720.818453	-356.262883	729.920676	-346.466943	781.579931	-503.139596	799.489166	-483.580643	707.690502	-235.355171	801.681885	-260.063305	706.065780	-179.577255	887.204537	-313.063497	907.684757	-359.376675	731.731498	-113.463784	806.350185	-120.603247	719.934430	-39.764404	905.886900	-52.184330	683.758361	128.754187	795.049628	178.116497	803.628398	216.829773	825.383527	214.254647	754.366660	232.906244	496.233966	363.938530	618.282198	246.590290	655.641714	263.790246	139.418890	61.864213	
-1.001047	0.084140	-62.551936	73.075594	-53.754204	156.471553	-41.254073	169.699325	-68.351118	114.591209	-61.277787	198.032154	-70.973672	197.768377	-23.560911	224.861936	-43.211163	240.488640	-104.012196	222.723538	-121.897669	166.996849	-143.371191	237.941740	-161.499679	192.018540	-171.379716	198.199484	-245.117932	176.391069	-254.499092	163.040183	-257.704696	159.590205	-275.900327	214.773126	-282.206708	207.882451	-249.875311	120.459705	-282.976999	129.161467	-249.303399	100.816089	-313.095967	147.826920	-320.308475	164.137021	-258.342193	77.532560	-284.621068	80.046913	-254.187544	51.577455	-319.675410	55.951430	-241.447205	-7.770682	-280.641276	-25.154874	-283.662544	-38.788796	-291.324130	-37.881846	-266.313710	-44.450323	-175.405157	-90.597509	-218.387960	-49.269617	-231.546228	-55.326690	-49.746469	15.785267	
0.962822	-0.078832	132.230092	-133.036137	155.071094	-345.660477	118.841492	-383.995913	197.358053	-224.295427	176.879189	-466.121260	204.981830	-465.354425	67.555140	-543.889959	124.508188	-589.198910	300.787736	-537.722029	352.659843	-376.107087	414.942133	-581.865291	467.520931	-448.663490	496.177304	-466.592469	710.215667	-403.261943	737.467227	-364.481130	746.780037	-354.458578	799.634396	-514.755848	817.958124	-494.744551	724.035498	-240.775264	820.202066	-266.055194	722.373173	-183.706538	907.703389	-320.281816	928.661290	-367.668568	748.632890	-116.063099	824.978361	-123.367793	736.562771	-40.658205	926.818516	-53.365535	699.549508	131.760250	813.416291	182.264907	822.193602	221.874103	844.452178	219.239368	771.791825	238.322546	507.685223	372.387470	632.558041	252.323310	670.782491	269.921222	142.613680	63.322684	
-1.050426	0.088179	-69.261160	79.854817	-61.643944	174.077881	-47.296489	189.260339	-78.396814	126.009420	-70.279517	221.780743	-81.408339	221.477842	-26.988214	252.575959	-49.542461	270.513099	-119.332402	250.123352	-139.863143	186.155041	-164.512893	267.592835	-185.322652	214.876634	-196.664054	221.971937	-281.324055	196.930670	-292.096901	181.599449	-295.778135	177.637625	-316.672659	241.006059	-323.915074	233.093845	-286.787105	132.700153	-324.800923	142.693154	-286.130170	110.141449	-359.389308	164.128338	-367.673959	182.860225	-296.510342	83.402675	-326.688954	86.290153	-291.739144	53.595873	-366.945330	58.618944	-277.108169	-14.559430	-322.118577	-34.523418	-325.588165	-50.180547	-334.386753	-49.139054	-305.664836	-56.682422	-201.266051	-109.677066	-250.627089	-62.216799	-265.736997	-69.173032	-56.957326	12.493105	
