0.053231	-0.021538	0.049814	-0.031949	0.047127	-0.030750	0.046789	-0.030666	0.047788	-0.028819	0.046172	-0.031540	0.046293	-0.031803	0.044890	-0.030801	0.044618	-0.031607	0.045982	-0.033331	0.048205	-0.032963	0.046166	-0.034998	0.048124	-0.034747	0.048083	-0.035223	0.051357	-0.037146	0.052293	-0.036854	0.052570	-0.036789	0.051432	-0.040078	0.052044	-0.040008	0.053464	-0.034506	0.054865	-0.036036	0.054051	-0.033493	0.055812	-0.037985	0.055654	-0.039052	0.055257	-0.032597	0.056529	-0.033545	0.055859	-0.031161	0.059081	-0.033380	0.057012	-0.027970	0.059356	-0.028167	0.059829	-0.027601	0.060071	-0.027919	0.059321	-0.026565	0.056838	-0.025604	0.056713	-0.025652	0.056767	-0.023751	0.054785	-0.024286	0.054320	-0.023401	0.054761	-0.021270	0.054106	-0.021570	0.053896	-0.023415	
-0.021538	0.010358	-0.020130	0.014648	-0.019023	0.014154	-0.018884	0.014119	-0.019295	0.013358	-0.018629	0.014479	-0.018679	0.014588	-0.018101	0.014174	-0.017989	0.014507	-0.018551	0.015217	-0.019467	0.015065	-0.018627	0.015904	-0.019434	0.015801	-0.019417	0.015997	-0.020766	0.016789	-0.021152	0.016669	-0.021266	0.016642	-0.020797	0.017997	-0.021049	0.017968	-0.021634	0.015701	-0.022211	0.016332	-0.021876	0.015284	-0.022601	0.017135	-0.022536	0.017574	-0.022373	0.014915	-0.022897	0.015305	-0.022621	0.014323	-0.023948	0.015238	-0.023096	0.013008	-0.024062	0.013089	-0.024257	0.012856	-0.024357	0.012987	-0.024047	0.012429	-0.023024	0.012033	-0.022973	0.012053	-0.022995	0.011269	-0.022178	0.011490	-0.021987	0.011125	-0.022168	0.010247	-0.021898	0.010371	-0.021812	0.011131	
0.049814	-0.020130	0.056115	-0.014601	0.060338	-0.017422	0.060577	-0.017481	0.059874	-0.018782	0.061011	-0.016868	0.060925	-0.016684	0.061918	-0.017388	0.062123	-0.016816	0.061155	-0.015555	0.059497	-0.015827	0.061021	-0.014302	0.059542	-0.014492	0.059573	-0.014133	0.057056	-0.012659	0.056343	-0.012884	0.056134	-0.012933	0.057002	-0.010412	0.056535	-0.010472	0.055468	-0.014638	0.054429	-0.013496	0.055025	-0.015379	0.053721	-0.012047	0.053837	-0.011255	0.054131	-0.016030	0.053211	-0.015335	0.053673	-0.017042	0.051389	-0.015458	0.052808	-0.019135	0.051348	-0.019003	0.051067	-0.019355	0.050912	-0.019161	0.051402	-0.019978	0.052889	-0.020576	0.052940	-0.020534	0.052871	-0.020829	0.052677	-0.020889	0.052349	-0.020869	0.052405	-0.020114	0.051682	-0.020157	0.052060	-0.021081	
-0.031949	0.014648	-0.014601	0.111047	0.017445	0.097541	0.021201	0.096641	0.009969	0.075897	0.028005	0.106279	0.026687	0.109205	0.042142	0.098113	0.045023	0.106992	0.030020	0.125629	0.006258	0.121678	0.028013	0.143342	0.007249	0.140733	0.007652	0.145776	-0.024585	0.165253	-0.033468	0.162459	-0.036066	0.161850	-0.025288	0.193091	-0.031077	0.192321	-0.044415	0.140462	-0.057528	0.154802	-0.049932	0.131006	-0.066399	0.173045	-0.064924	0.183018	-0.061215	0.122642	-0.073098	0.131499	-0.066832	0.109236	-0.096920	0.129957	-0.077585	0.079407	-0.099530	0.081242	-0.103964	0.075937	-0.106230	0.078923	-0.099218	0.066217	-0.075913	0.057228	-0.074717	0.057662	-0.075173	0.038650	-0.054623	0.044215	-0.049251	0.035172	-0.053849	0.011960	-0.045507	0.015057	-0.044334	0.035767	
0.047127	-0.019023	0.060338	0.017445	0.094984	-0.001412	0.096779	-0.001900	0.091601	-0.011554	0.100209	0.002935	0.099535	0.004378	0.107295	-0.001135	0.108915	0.003329	0.101336	0.013203	0.088423	0.011065	0.100262	0.022886	0.088857	0.021459	0.089074	0.024234	0.071982	0.034777	0.067485	0.033346	0.066202	0.033039	0.071662	0.048994	0.068732	0.048498	0.062161	0.022602	0.055805	0.029602	0.059428	0.018113	0.051480	0.038441	0.052186	0.043271	0.053975	0.014173	0.048390	0.018387	0.051192	0.008040	0.037348	0.017638	0.045970	-0.004682	0.037036	-0.003892	0.035309	-0.006049	0.034367	-0.004854	0.037337	-0.009892	0.046523	-0.013530	0.046895	-0.013303	0.046546	-0.017269	0.048932	-0.016638	0.048785	-0.017855	0.048294	-0.019195	0.048075	-0.018971	0.048776	-0.018264	
-0.030750	0.014154	-0.017422	0.097541	-0.001412	0.105555	0.002774	0.104688	-0.010740	0.080044	0.009921	0.114863	0.008561	0.118020	0.024867	0.106170	0.027427	0.115522	0.011729	0.133785	-0.010681	0.130036	0.009773	0.150305	-0.009467	0.147915	-0.009112	0.152578	-0.038007	0.170122	-0.046034	0.167606	-0.048405	0.167055	-0.038692	0.195100	-0.043911	0.194474	-0.056099	0.147409	-0.068187	0.160583	-0.061125	0.138594	-0.076340	0.177401	-0.074970	0.186598	-0.071542	0.130761	-0.082677	0.139014	-0.076656	0.118015	-0.105170	0.137592	-0.086552	0.088685	-0.108568	0.090490	-0.113098	0.085165	-0.115353	0.088180	-0.108432	0.075302	-0.084755	0.066251	-0.083454	0.066643	-0.083762	0.044358	-0.058107	0.051301	-0.050976	0.040093	-0.056745	0.010526	-0.046373	0.014586	-0.044626	0.040993	
0.046789	-0.018884	0.060577	0.021201	0.096779	0.002774	0.099083	0.002203	0.092454	-0.010077	0.103271	0.008146	0.102454	0.009941	0.111984	0.003124	0.113830	0.008601	0.104558	0.020291	0.089533	0.017797	0.103286	0.031499	0.090125	0.029864	0.090367	0.033065	0.071193	0.044992	0.066183	0.043396	0.064753	0.043055	0.070827	0.060793	0.067568	0.060238	0.060241	0.031403	0.053137	0.039219	0.057195	0.026369	0.048308	0.049096	0.049099	0.054494	0.051100	0.021943	0.044824	0.026669	0.048004	0.015014	0.032383	0.025831	0.042177	0.000430	0.031831	0.001336	0.029810	-0.001163	0.028724	0.000226	0.032134	-0.005642	0.042850	-0.009864	0.043308	-0.009613	0.042944	-0.015089	0.047102	-0.013980	0.047442	-0.015974	0.046552	-0.019327	0.046966	-0.018811	0.047855	-0.016336	
-0.030666	0.014119	-0.017481	0.096641	-0.001900	0.104688	0.002203	0.103974	-0.011093	0.079667	0.009137	0.113784	0.007813	0.116852	0.023681	0.105325	0.026171	0.114429	0.010902	0.132230	-0.010969	0.128572	0.008998	0.148362	-0.009795	0.146025	-0.009446	0.150579	-0.037832	0.167779	-0.045739	0.165302	-0.048075	0.164759	-0.038507	0.192382	-0.043648	0.191772	-0.055661	0.145396	-0.067575	0.158380	-0.060614	0.136706	-0.075611	0.174957	-0.074260	0.184022	-0.070882	0.128986	-0.081857	0.137120	-0.075923	0.116423	-0.104028	0.135719	-0.085679	0.087520	-0.107372	0.089298	-0.111835	0.084051	-0.114057	0.087022	-0.107236	0.074334	-0.083909	0.065417	-0.082628	0.065803	-0.082933	0.043861	-0.057679	0.050696	-0.050658	0.039663	-0.056337	0.010553	-0.046110	0.014547	-0.044404	0.040552	
0.047788	-0.019295	0.059874	0.009969	0.091601	-0.010740	0.092454	-0.011093	0.091710	-0.013588	0.094419	-0.008402	0.094024	-0.007628	0.098385	-0.010618	0.099581	-0.008095	0.095244	-0.001691	0.086355	-0.003150	0.094544	0.005086	0.086491	0.004056	0.086659	0.006021	0.073650	0.013884	0.070182	0.012781	0.069196	0.012544	0.073423	0.024924	0.071155	0.024535	0.066113	0.004569	0.061274	0.009915	0.064010	0.001187	0.057971	0.016647	0.058504	0.020325	0.059863	-0.001764	0.055683	0.001410	0.057715	-0.006275	0.047491	0.000840	0.053722	-0.015187	0.047682	-0.014634	0.046557	-0.016090	0.045910	-0.015293	0.047978	-0.018628	0.054030	-0.021073	0.054224	-0.020895	0.053905	-0.021749	0.052634	-0.022103	0.051486	-0.021717	0.051818	-0.018907	0.050301	-0.019286	0.050609	-0.022221	
-0.028819	0.013358	-0.018782	0.075897	-0.011554	0.080044	-0.010077	0.079667	-0.013588	0.072744	-0.007316	0.083550	-0.007858	0.084714	-0.001595	0.080273	-0.000280	0.083878	-0.006398	0.091867	-0.016877	0.090135	-0.007244	0.099776	-0.016556	0.098561	-0.016345	0.100822	-0.033324	0.110491	-0.038385	0.108925	-0.039902	0.108574	-0.033742	0.126308	-0.037056	0.126006	-0.044854	0.095989	-0.052593	0.104420	-0.048069	0.090344	-0.057817	0.115198	-0.056940	0.121094	-0.054744	0.085341	-0.061859	0.090615	-0.058041	0.077232	-0.076201	0.089707	-0.064416	0.058773	-0.078180	0.059904	-0.080995	0.056576	-0.082409	0.058457	-0.078059	0.050433	-0.063318	0.044786	-0.062521	0.045037	-0.062743	0.031602	-0.047480	0.035745	-0.043196	0.029091	-0.046629	0.011320	-0.039956	0.013667	-0.039317	0.029717	
0.046172	-0.018629	0.061011	0.028005	0.100209	0.009921	0.103271	0.009137	0.094419	-0.007316	0.108998	0.017225	0.107894	0.019658	0.120705	0.010411	0.122989	0.017764	0.110562	0.032838	0.091614	0.029677	0.108928	0.046873	0.092506	0.044855	0.092795	0.048844	0.069807	0.063322	0.063868	0.061427	0.062172	0.061024	0.069359	0.081994	0.065504	0.081331	0.056812	0.047182	0.048359	0.056469	0.053203	0.041168	0.042623	0.068218	0.043566	0.074639	0.045948	0.035867	0.038430	0.041515	0.042289	0.027508	0.023473	0.040518	0.035373	0.009581	0.022493	0.010694	0.019947	0.007583	0.018603	0.009319	0.022803	0.001962	0.036260	-0.003304	0.036872	-0.003010	0.036481	-0.011186	0.043807	-0.009225	0.045015	-0.012606	0.043413	-0.019557	0.044961	-0.018519	0.046182	-0.012883	
-0.031540	0.014479	-0.016868	0.106279	0.002935	0.114863	0.008146	0.113784	-0.008402	0.083550	0.017225	0.126858	0.015509	0.130713	0.036067	0.115707	0.039171	0.127488	0.019407	0.150086	-0.008016	0.145488	0.016985	0.170221	-0.006422	0.167341	-0.006008	0.173011	-0.039800	0.193824	-0.049026	0.190923	-0.051739	0.190292	-0.040592	0.222503	-0.046579	0.221739	-0.060530	0.167817	-0.074359	0.182893	-0.066283	0.157735	-0.083685	0.202128	-0.082117	0.212645	-0.078197	0.148773	-0.090938	0.158216	-0.084038	0.134178	-0.116683	0.156588	-0.095342	0.100524	-0.120636	0.102597	-0.125845	0.096479	-0.128435	0.099945	-0.120491	0.085140	-0.093268	0.074738	-0.091767	0.075186	-0.092111	0.049405	-0.062355	0.057452	-0.054100	0.044448	-0.060791	0.010224	-0.048953	0.014959	-0.046774	0.045457	
0.046293	-0.018679	0.060925	0.026687	0.099535	0.008561	0.102454	0.007813	0.094024	-0.007858	0.107894	0.015509	0.106884	0.017852	0.119078	0.009029	0.121273	0.016042	0.109424	0.030482	0.091225	0.027446	0.107859	0.043975	0.092061	0.042031	0.092341	0.045869	0.070078	0.059860	0.064315	0.058022	0.062669	0.057630	0.069645	0.077990	0.065903	0.077347	0.057469	0.044202	0.049271	0.053212	0.053966	0.038372	0.043705	0.064608	0.044620	0.070835	0.046930	0.033237	0.039646	0.038711	0.043378	0.025147	0.025164	0.037744	0.036666	0.007851	0.024264	0.008925	0.021818	0.005929	0.020522	0.007600	0.024573	0.000523	0.037513	-0.004546	0.038096	-0.004259	0.037710	-0.011926	0.044437	-0.010126	0.045481	-0.013245	0.044014	-0.019515	0.045346	-0.018576	0.046505	-0.013539	
-0.031803	0.014588	-0.016684	0.109205	0.004378	0.118020	0.009941	0.116852	-0.007628	0.084714	0.019658	0.130713	0.017852	0.135198	0.039855	0.118920	0.043157	0.131533	0.021979	0.155611	-0.007121	0.150727	0.019399	0.176953	-0.005402	0.173909	-0.004968	0.179917	-0.040403	0.201825	-0.050033	0.198794	-0.052861	0.198135	-0.041232	0.231750	-0.047478	0.230939	-0.062022	0.174707	-0.076439	0.190423	-0.068020	0.164198	-0.086160	0.210474	-0.084526	0.221437	-0.080439	0.154854	-0.093722	0.164699	-0.086526	0.139635	-0.120565	0.163001	-0.098305	0.104521	-0.124705	0.106685	-0.130144	0.100299	-0.132847	0.103917	-0.124558	0.088461	-0.096137	0.077604	-0.094568	0.078070	-0.094925	0.051108	-0.063783	0.059528	-0.055149	0.045917	-0.062151	0.010121	-0.049819	0.015084	-0.047493	0.046963	
0.044890	-0.018101	0.061918	0.042142	0.107295	0.024867	0.111984	0.023681	0.098385	-0.001595	0.120705	0.036067	0.119078	0.039855	0.138900	0.025564	0.141842	0.036846	0.122911	0.058871	0.095888	0.054358	0.120510	0.078738	0.097372	0.075927	0.097755	0.081543	0.066898	0.101281	0.059038	0.098769	0.056794	0.098236	0.066278	0.125887	0.061191	0.124999	0.049678	0.079864	0.038437	0.092197	0.044904	0.071823	0.030822	0.107816	0.032081	0.116352	0.035252	0.064714	0.025164	0.072268	0.030428	0.053395	0.005001	0.070941	0.021259	0.028549	0.003134	0.030091	-0.000500	0.025710	-0.002380	0.028167	0.003456	0.017727	0.022590	0.010298	0.023521	0.010682	0.023073	-0.003093	0.036968	0.000637	0.039978	-0.005621	0.036900	-0.020032	0.040800	-0.017914	0.042710	-0.005722	
-0.030801	0.014174	-0.017388	0.098113	-0.001135	0.106170	0.003124	0.105325	-0.010618	0.080273	0.010411	0.115707	0.009029	0.118920	0.025564	0.106914	0.028211	0.116368	0.012249	0.134915	-0.010494	0.131112	0.010259	0.151676	-0.009257	0.149253	-0.008898	0.153983	-0.038123	0.171746	-0.046233	0.169204	-0.048626	0.168647	-0.038815	0.196976	-0.044087	0.196342	-0.056396	0.148808	-0.068604	0.162112	-0.061472	0.139906	-0.076836	0.179096	-0.075453	0.188383	-0.071991	0.131996	-0.083237	0.140330	-0.077155	0.119123	-0.105953	0.138894	-0.087147	0.089495	-0.109389	0.091318	-0.113965	0.085939	-0.116244	0.088985	-0.109252	0.075975	-0.085332	0.066831	-0.084017	0.067227	-0.084328	0.044702	-0.058391	0.051721	-0.051184	0.040389	-0.057016	0.010504	-0.046545	0.014610	-0.044767	0.041297	
0.044618	-0.017989	0.062123	0.045023	0.108915	0.027427	0.113830	0.026171	0.099581	-0.000280	0.122989	0.039171	0.121273	0.043157	0.141842	0.028211	0.145653	0.039986	0.125331	0.063343	0.096679	0.058554	0.122788	0.084386	0.098289	0.081415	0.098690	0.087359	0.066314	0.108138	0.058099	0.105509	0.055755	0.104953	0.065663	0.133842	0.060349	0.132906	0.048322	0.085759	0.036575	0.098644	0.043336	0.077351	0.028619	0.114966	0.029935	0.123884	0.033249	0.069916	0.022696	0.077814	0.028213	0.058063	0.001595	0.076427	0.018637	0.031976	-0.000427	0.033595	-0.004256	0.028987	-0.006231	0.031573	-0.000102	0.020580	0.020048	0.012765	0.021037	0.013164	0.020579	-0.001615	0.035654	0.002433	0.038991	-0.004341	0.035647	-0.020101	0.039981	-0.017788	0.042008	-0.004408	
-0.031607	0.014507	-0.016816	0.106992	0.003329	0.115522	0.008601	0.114429	-0.008095	0.083878	0.017764	0.127488	0.016042	0.131533	0.036846	0.116368	0.039986	0.128335	0.019990	0.151193	-0.007823	0.146537	0.017527	0.171614	-0.006208	0.168694	-0.005789	0.174444	-0.039949	0.195509	-0.049262	0.192579	-0.051999	0.191942	-0.040749	0.224455	-0.046792	0.223679	-0.060868	0.169267	-0.074821	0.184477	-0.066673	0.159095	-0.084230	0.203884	-0.082648	0.214495	-0.078693	0.150053	-0.091548	0.159580	-0.084586	0.135327	-0.117523	0.157938	-0.095989	0.101369	-0.121514	0.103461	-0.126771	0.097287	-0.129384	0.100784	-0.121368	0.085844	-0.093896	0.075347	-0.092381	0.075799	-0.092727	0.049770	-0.062679	0.057896	-0.054344	0.044764	-0.061100	0.010208	-0.049156	0.014990	-0.046947	0.045781	
0.045982	-0.018551	0.061155	0.030020	0.101336	0.011729	0.104558	0.010902	0.095244	-0.006398	0.110562	0.019407	0.109424	0.021979	0.122911	0.012249	0.125331	0.019990	0.112289	0.035936	0.092184	0.032581	0.110517	0.050799	0.093145	0.048668	0.093445	0.052892	0.069399	0.068094	0.063212	0.066118	0.061447	0.065698	0.068929	0.087531	0.064916	0.086835	0.055866	0.051283	0.047061	0.060957	0.052109	0.045015	0.041087	0.073194	0.042070	0.079881	0.044552	0.039487	0.036711	0.045375	0.040746	0.030757	0.021101	0.044336	0.033546	0.011967	0.020013	0.013133	0.017331	0.009863	0.015920	0.011689	0.020325	0.003948	0.034489	-0.001587	0.035141	-0.001282	0.034742	-0.010157	0.042890	-0.007975	0.044326	-0.011715	0.042539	-0.019604	0.044389	-0.018431	0.045691	-0.011968	
-0.033331	0.015217	-0.015555	0.125629	0.013203	0.133785	0.020291	0.132230	-0.001691	0.091867	0.032838	0.150086	0.030482	0.155611	0.058871	0.134915	0.063343	0.151193	0.035936	0.182945	-0.002507	0.176359	0.032488	0.210946	-0.000062	0.206994	0.000479	0.214884	-0.043769	0.242760	-0.055496	0.239050	-0.058919	0.238252	-0.044782	0.279172	-0.052371	0.278096	-0.069972	0.209926	-0.087403	0.228935	-0.077234	0.197232	-0.099154	0.253166	-0.097179	0.266414	-0.092241	0.185939	-0.108294	0.197840	-0.099587	0.167534	-0.140742	0.195785	-0.113793	0.124990	-0.145822	0.127615	-0.152428	0.119867	-0.155704	0.124257	-0.145659	0.105494	-0.111149	0.092316	-0.109237	0.092879	-0.109654	0.059901	-0.071443	0.070223	-0.060858	0.053520	-0.069450	0.009671	-0.054550	0.015796	-0.051507	0.054765	
0.048205	-0.019467	0.059497	0.006258	0.088423	-0.010681	0.089533	-0.010969	0.086355	-0.016877	0.091614	-0.008016	0.091225	-0.007121	0.095888	-0.010494	0.096679	-0.007823	0.092184	-0.002507	0.085595	-0.003592	0.091676	0.002622	0.085507	0.001797	0.085651	0.003313	0.074253	0.009914	0.071059	0.008908	0.070140	0.008688	0.074047	0.020099	0.071948	0.019787	0.067248	0.001241	0.062730	0.006229	0.065290	-0.001923	0.059644	0.012521	0.060143	0.015960	0.061414	-0.004680	0.057509	-0.001715	0.059398	-0.008885	0.049863	-0.002246	0.055649	-0.017125	0.050105	-0.016613	0.049080	-0.017949	0.048484	-0.017220	0.050394	-0.020266	0.055915	-0.022508	0.056079	-0.022339	0.055767	-0.022673	0.053876	-0.023192	0.052537	-0.022543	0.053008	-0.018987	0.051197	-0.019464	0.051490	-0.023083	
-0.032963	0.015065	-0.015827	0.121678	0.011065	0.130036	0.017797	0.128572	-0.003150	0.090135	0.029677	0.145488	0.027446	0.150727	0.054358	0.131112	0.058554	0.146537	0.032581	0.176359	-0.003592	0.170317	0.029330	0.202819	-0.001348	0.199084	-0.000833	0.206514	-0.042962	0.232957	-0.054186	0.229410	-0.057466	0.228645	-0.043931	0.267812	-0.051198	0.266800	-0.068066	0.201492	-0.084774	0.219712	-0.075025	0.189322	-0.096039	0.242942	-0.094146	0.255642	-0.089412	0.178496	-0.104801	0.189904	-0.096456	0.160854	-0.135906	0.187935	-0.110081	0.120089	-0.140762	0.122604	-0.147089	0.115182	-0.150228	0.119387	-0.140603	0.101416	-0.107551	0.088794	-0.105721	0.089333	-0.106123	0.057795	-0.069604	0.067662	-0.059487	0.051699	-0.067698	0.009778	-0.053413	0.015625	-0.050542	0.052896	
0.046166	-0.018627	0.061021	0.028013	0.100262	0.009773	0.103286	0.008998	0.094544	-0.007244	0.108928	0.016985	0.107859	0.019399	0.120510	0.010259	0.122788	0.017527	0.110517	0.032488	0.091676	0.029330	0.108965	0.046478	0.092524	0.044449	0.092811	0.048437	0.069835	0.062928	0.063907	0.061036	0.062216	0.060634	0.069387	0.081563	0.065541	0.080896	0.056872	0.046831	0.048445	0.056093	0.053273	0.040837	0.042725	0.067807	0.043665	0.074208	0.046040	0.035554	0.038547	0.041184	0.042392	0.027224	0.023641	0.040189	0.035496	0.009372	0.022675	0.010480	0.020141	0.007383	0.018802	0.009111	0.022985	0.001788	0.036379	-0.003454	0.036987	-0.003160	0.036596	-0.011271	0.043844	-0.009330	0.045032	-0.012677	0.043448	-0.019542	0.044973	-0.018517	0.046182	-0.012955	
-0.034998	0.015904	-0.014302	0.143342	0.022886	0.150305	0.031499	0.148362	0.005086	0.099776	0.046873	0.170221	0.043975	0.176953	0.078738	0.151676	0.084386	0.171614	0.050799	0.210946	0.002622	0.202819	0.046478	0.246226	0.005651	0.241229	0.006302	0.251129	-0.047341	0.285432	-0.061278	0.281005	-0.065323	0.280059	-0.048550	0.328668	-0.057551	0.327302	-0.078351	0.246611	-0.098932	0.269065	-0.086936	0.231638	-0.112806	0.297665	-0.110476	0.313299	-0.104648	0.218311	-0.123591	0.232358	-0.113310	0.196586	-0.161883	0.229930	-0.130049	0.146308	-0.167932	0.149413	-0.175751	0.140248	-0.179625	0.145443	-0.167752	0.123240	-0.126910	0.107649	-0.124641	0.108311	-0.125121	0.069081	-0.079562	0.081382	-0.066945	0.061466	-0.077188	0.009236	-0.059600	0.016569	-0.055826	0.062924	
0.048124	-0.019434	0.059542	0.007249	0.088857	-0.009467	0.090125	-0.009795	0.086491	-0.016556	0.092506	-0.006422	0.092061	-0.005402	0.097372	-0.009257	0.098289	-0.006208	0.093145	-0.000062	0.085507	-0.001348	0.092524	0.005651	0.085925	0.004724	0.086051	0.006347	0.074037	0.013358	0.070674	0.012298	0.069707	0.012067	0.073813	0.024055	0.071607	0.023728	0.066656	0.004214	0.061888	0.009474	0.064594	0.000867	0.058634	0.016114	0.059161	0.019743	0.060502	-0.002054	0.056365	0.001083	0.058382	-0.006529	0.048247	0.000521	0.054429	-0.015403	0.048404	-0.014852	0.047278	-0.016304	0.046632	-0.015509	0.048693	-0.018839	0.054736	-0.021280	0.054930	-0.021102	0.054612	-0.021951	0.053323	-0.022308	0.052147	-0.021923	0.052483	-0.019046	0.050878	-0.019424	0.051241	-0.022450	
-0.034747	0.015801	-0.014492	0.140733	0.021459	0.147915	0.029864	0.146025	0.004056	0.098561	0.044855	0.167341	0.042031	0.173909	0.075927	0.149253	0.081415	0.168694	0.048668	0.206994	0.001797	0.199084	0.044449	0.241229	0.004724	0.236508	0.005370	0.246088	-0.046866	0.279409	-0.060480	0.275088	-0.064436	0.274163	-0.048046	0.321652	-0.056842	0.320332	-0.077182	0.241449	-0.097312	0.263409	-0.085576	0.226801	-0.110882	0.291384	-0.108603	0.306677	-0.102901	0.213764	-0.121433	0.227505	-0.111375	0.192511	-0.158894	0.225131	-0.127753	0.143324	-0.164812	0.146362	-0.172460	0.137396	-0.176249	0.142477	-0.164635	0.120758	-0.124683	0.105508	-0.122464	0.106155	-0.122935	0.067796	-0.078397	0.079822	-0.066063	0.060353	-0.076077	0.009289	-0.058866	0.016454	-0.055190	0.061780	
0.048083	-0.019417	0.059573	0.007652	0.089074	-0.009112	0.090367	-0.009446	0.086659	-0.016345	0.092795	-0.006008	0.092341	-0.004968	0.097755	-0.008898	0.098690	-0.005789	0.093445	0.000479	0.085651	-0.000833	0.092811	0.006302	0.086051	0.005370	0.086277	0.006982	0.073986	0.014174	0.070579	0.013100	0.069598	0.012866	0.073762	0.025024	0.071526	0.024689	0.066508	0.004907	0.061674	0.010238	0.064418	0.001513	0.058377	0.016968	0.058911	0.020646	0.060271	-0.001449	0.056075	0.001732	0.058123	-0.005989	0.047840	0.001163	0.054119	-0.015011	0.047982	-0.014451	0.046834	-0.015931	0.046177	-0.015120	0.048273	-0.018515	0.054435	-0.021002	0.054635	-0.020822	0.054316	-0.021783	0.053157	-0.022105	0.052017	-0.021777	0.052324	-0.019049	0.050770	-0.019406	0.051143	-0.022299	
-0.035223	0.015997	-0.014133	0.145776	0.024234	0.152578	0.033065	0.150579	0.006021	0.100822	0.048844	0.173011	0.045869	0.179917	0.081543	0.153983	0.087359	0.174444	0.052892	0.214884	0.003313	0.206514	0.048437	0.251129	0.006347	0.246088	0.006982	0.256349	-0.047892	0.291444	-0.062128	0.286921	-0.066259	0.285955	-0.049126	0.335612	-0.058319	0.334211	-0.079562	0.251798	-0.100579	0.274729	-0.088329	0.236507	-0.114748	0.303935	-0.112368	0.319900	-0.106416	0.222897	-0.125762	0.237243	-0.115260	0.200708	-0.164871	0.234764	-0.132352	0.149342	-0.171061	0.152515	-0.179052	0.143150	-0.183009	0.148458	-0.170879	0.125769	-0.129143	0.109838	-0.126823	0.110514	-0.127312	0.070391	-0.080700	0.082975	-0.067791	0.062599	-0.078271	0.009168	-0.060301	0.016674	-0.056419	0.064087	
0.051357	-0.020766	0.057056	-0.024585	0.071982	-0.038007	0.071193	-0.037832	0.073650	-0.033324	0.069807	-0.039800	0.070078	-0.040403	0.066898	-0.038123	0.066314	-0.039949	0.069399	-0.043769	0.074253	-0.042962	0.069835	-0.047341	0.074037	-0.046866	0.073986	-0.047892	0.077689	-0.050813	0.077935	-0.050673	0.078007	-0.050653	0.077516	-0.052247	0.077769	-0.051996	0.078142	-0.050115	0.078501	-0.050510	0.078291	-0.049840	0.078717	-0.050961	0.078673	-0.051198	0.078578	-0.049535	0.079022	-0.049832	0.078606	-0.048827	0.080086	-0.049782	0.078707	-0.045989	0.081416	-0.046168	0.082075	-0.045505	0.082323	-0.045904	0.081628	-0.044135	0.078292	-0.042986	0.077973	-0.042966	0.077777	-0.035060	0.066360	-0.038133	0.062361	-0.033338	0.064970	-0.018852	0.059453	-0.020869	0.058980	-0.034200	
-0.037146	0.016789	-0.012659	0.165253	0.034777	0.170122	0.044992	0.167779	0.013884	0.110491	0.063322	0.193824	0.059860	0.201825	0.101281	0.171746	0.108138	0.195509	0.068094	0.242760	0.009914	0.232957	0.062928	0.285432	0.013358	0.279409	0.014174	0.291444	-0.050813	0.333401	-0.067360	0.328114	-0.072138	0.326993	-0.052186	0.384939	-0.062887	0.383185	-0.087456	0.287557	-0.111709	0.314042	-0.097603	0.269957	-0.128063	0.347727	-0.125321	0.366137	-0.118459	0.254289	-0.140729	0.270818	-0.128657	0.228771	-0.185718	0.267953	-0.148325	0.169781	-0.192758	0.173428	-0.201926	0.162677	-0.206468	0.168769	-0.192540	0.142729	-0.144637	0.124443	-0.141975	0.125219	-0.142535	0.079183	-0.089028	0.093619	-0.074202	0.070235	-0.086232	0.008915	-0.065658	0.017545	-0.061155	0.071939	
0.052293	-0.021152	0.056343	-0.033468	0.067485	-0.046034	0.066183	-0.045739	0.070182	-0.038385	0.063868	-0.049026	0.064315	-0.050033	0.059038	-0.046233	0.058099	-0.049262	0.063212	-0.055496	0.071059	-0.054186	0.063907	-0.061278	0.070674	-0.060480	0.070579	-0.062128	0.077935	-0.067360	0.079556	-0.066832	0.079767	-0.066768	0.077991	-0.072060	0.078922	-0.071704	0.080762	-0.063925	0.082533	-0.065861	0.081527	-0.062675	0.083691	-0.068242	0.083497	-0.069544	0.083009	-0.061503	0.084684	-0.062729	0.083627	-0.059419	0.088198	-0.062510	0.084823	-0.053539	0.089775	-0.053907	0.090888	-0.052701	0.091366	-0.053406	0.089956	-0.050335	0.084227	-0.048267	0.083781	-0.048288	0.083623	-0.038261	0.069791	-0.041980	0.065118	-0.036137	0.068269	-0.018879	0.061784	-0.021280	0.061142	-0.037084	
-0.036854	0.016669	-0.012884	0.162459	0.033346	0.167606	0.043396	0.165302	0.012781	0.108925	0.061427	0.190923	0.058022	0.198794	0.098769	0.169204	0.105509	0.192579	0.066118	0.239050	0.008908	0.229410	0.061036	0.281005	0.012298	0.275088	0.013100	0.286921	-0.050673	0.328114	-0.066832	0.322994	-0.071548	0.321868	-0.052004	0.378618	-0.062488	0.376903	-0.086594	0.283158	-0.110407	0.309156	-0.096548	0.265865	-0.126463	0.342237	-0.123768	0.360310	-0.117030	0.250469	-0.138912	0.266706	-0.127043	0.225385	-0.183131	0.263894	-0.146367	0.167358	-0.190088	0.170945	-0.199111	0.160367	-0.203580	0.166362	-0.189879	0.140736	-0.142737	0.122742	-0.140116	0.123505	-0.140664	0.078152	-0.087938	0.092379	-0.073330	0.069335	-0.085185	0.008911	-0.064922	0.017416	-0.060476	0.071011	
0.052570	-0.021266	0.056134	-0.036066	0.066202	-0.048405	0.064753	-0.048075	0.069196	-0.039902	0.062172	-0.051739	0.062669	-0.052861	0.056794	-0.048626	0.055755	-0.051999	0.061447	-0.058919	0.070140	-0.057466	0.062216	-0.065323	0.069707	-0.064436	0.069598	-0.066259	0.078007	-0.072138	0.079767	-0.071548	0.080373	-0.071397	0.078091	-0.077743	0.079210	-0.077364	0.081479	-0.067913	0.083664	-0.070301	0.082421	-0.066374	0.085100	-0.073252	0.084853	-0.074845	0.084256	-0.064947	0.086294	-0.066446	0.085049	-0.062459	0.090531	-0.066180	0.086569	-0.055691	0.092173	-0.056115	0.093416	-0.054751	0.093961	-0.055545	0.092344	-0.052096	0.085921	-0.049761	0.085439	-0.049795	0.085292	-0.039167	0.070781	-0.043066	0.065920	-0.036929	0.069223	-0.018892	0.062463	-0.021401	0.061777	-0.037901	
-0.036789	0.016642	-0.012933	0.161850	0.033039	0.167055	0.043055	0.164759	0.012544	0.108574	0.061024	0.190292	0.057630	0.198135	0.098236	0.168647	0.104953	0.191942	0.065698	0.238252	0.008688	0.228645	0.060634	0.280059	0.012067	0.274163	0.012866	0.285955	-0.050653	0.326993	-0.066768	0.321868	-0.071397	0.320811	-0.051978	0.377275	-0.062415	0.375567	-0.086420	0.282225	-0.110138	0.308116	-0.096332	0.264998	-0.126128	0.341063	-0.123446	0.359072	-0.116732	0.249662	-0.138531	0.265835	-0.126706	0.224671	-0.182583	0.263035	-0.145954	0.166851	-0.189523	0.170425	-0.198516	0.159883	-0.202970	0.165857	-0.189317	0.140320	-0.142336	0.122388	-0.139724	0.123148	-0.140270	0.077937	-0.087705	0.092121	-0.073142	0.069147	-0.084961	0.008909	-0.064763	0.017388	-0.060328	0.070817	
0.051432	-0.020797	0.057002	-0.025288	0.071662	-0.038692	0.070827	-0.038507	0.073423	-0.033742	0.069359	-0.040592	0.069645	-0.041232	0.066278	-0.038815	0.065663	-0.040749	0.068929	-0.044782	0.074047	-0.043931	0.069387	-0.048550	0.073813	-0.048046	0.073762	-0.049126	0.077516	-0.052186	0.077991	-0.052004	0.078091	-0.051978	0.077565	-0.053844	0.077819	-0.053567	0.078318	-0.051230	0.078796	-0.051755	0.078516	-0.050870	0.079092	-0.052371	0.079034	-0.052694	0.078904	-0.050490	0.079454	-0.050866	0.078984	-0.049667	0.080725	-0.050804	0.079178	-0.046577	0.082071	-0.046772	0.082767	-0.046064	0.083034	-0.046489	0.082279	-0.044613	0.078748	-0.043390	0.078420	-0.043373	0.078227	-0.035303	0.066627	-0.038425	0.062578	-0.033551	0.065229	-0.018856	0.059638	-0.020902	0.059152	-0.034419	
-0.040078	0.017997	-0.010412	0.193091	0.048994	0.195100	0.060793	0.192382	0.024924	0.126308	0.081994	0.222503	0.077990	0.231750	0.125887	0.196976	0.133842	0.224455	0.087531	0.279172	0.020099	0.267812	0.081563	0.328668	0.024055	0.321652	0.025024	0.335612	-0.052247	0.384939	-0.072060	0.378618	-0.077743	0.377275	-0.053844	0.447329	-0.066642	0.444798	-0.095786	0.330664	-0.124390	0.361971	-0.107832	0.310032	-0.143695	0.401666	-0.140471	0.423341	-0.132392	0.291667	-0.158489	0.311079	-0.144421	0.261868	-0.211101	0.307698	-0.167495	0.193403	-0.218917	0.197641	-0.229498	0.185196	-0.234757	0.192242	-0.218606	0.162142	-0.163240	0.140989	-0.160181	0.141897	-0.160856	0.089220	-0.099781	0.105679	-0.082841	0.079010	-0.096567	0.008997	-0.072958	0.018833	-0.067927	0.080985	
0.052044	-0.021049	0.056535	-0.031077	0.068732	-0.043911	0.067568	-0.043648	0.071155	-0.037056	0.065504	-0.046579	0.065903	-0.047478	0.061191	-0.044087	0.060349	-0.046792	0.064916	-0.052371	0.071948	-0.051198	0.065541	-0.057551	0.071607	-0.056842	0.071526	-0.058319	0.077769	-0.062887	0.078922	-0.062488	0.079210	-0.062415	0.077819	-0.066642	0.078615	-0.066389	0.080012	-0.060166	0.081398	-0.061698	0.080606	-0.059172	0.082312	-0.063571	0.082153	-0.064576	0.081768	-0.058230	0.083117	-0.059208	0.082231	-0.056514	0.085977	-0.059037	0.083136	-0.051454	0.087481	-0.051771	0.088470	-0.050712	0.088886	-0.051334	0.087669	-0.048617	0.082590	-0.046798	0.082179	-0.046808	0.082011	-0.037370	0.068855	-0.040908	0.064371	-0.035359	0.067371	-0.018877	0.061154	-0.021170	0.060562	-0.036282	
-0.040008	0.017968	-0.010472	0.192321	0.048498	0.194474	0.060238	0.191772	0.024535	0.126006	0.081331	0.221739	0.077347	0.230939	0.124999	0.196342	0.132906	0.223679	0.086835	0.278096	0.019787	0.266800	0.080896	0.327302	0.023728	0.320332	0.024689	0.334211	-0.051996	0.383185	-0.071704	0.376903	-0.077364	0.375567	-0.053567	0.444798	-0.066389	0.443036	-0.095349	0.329138	-0.123835	0.360317	-0.107344	0.308588	-0.143063	0.399852	-0.139853	0.421438	-0.131805	0.290300	-0.157794	0.309632	-0.143786	0.260627	-0.210184	0.306265	-0.166767	0.192469	-0.217953	0.196689	-0.228484	0.184301	-0.233719	0.191314	-0.217641	0.161354	-0.162533	0.140299	-0.159489	0.141203	-0.160162	0.088803	-0.099422	0.105172	-0.082576	0.078649	-0.096227	0.009019	-0.072739	0.018800	-0.067743	0.080614	
0.053464	-0.021634	0.055468	-0.044415	0.062161	-0.056099	0.060241	-0.055661	0.066113	-0.044854	0.056812	-0.060530	0.057469	-0.062022	0.049678	-0.056396	0.048322	-0.060868	0.055866	-0.069972	0.067248	-0.068066	0.056872	-0.078351	0.066656	-0.077182	0.066508	-0.079562	0.078142	-0.087456	0.080762	-0.086594	0.081479	-0.086420	0.078318	-0.095786	0.080012	-0.095349	0.083723	-0.080649	0.087177	-0.084539	0.085170	-0.078163	0.089542	-0.089378	0.089165	-0.092029	0.088159	-0.075910	0.091373	-0.078297	0.089522	-0.072114	0.097945	-0.077876	0.092093	-0.062496	0.099783	-0.063098	0.101446	-0.061228	0.102205	-0.062306	0.099920	-0.057650	0.091279	-0.054460	0.090681	-0.054535	0.090572	-0.042014	0.073937	-0.046480	0.068485	-0.039421	0.072264	-0.018948	0.064638	-0.021791	0.063818	-0.040470	
-0.034506	0.015701	-0.014638	0.140462	0.022602	0.147409	0.031403	0.145396	0.004569	0.095989	0.047182	0.167817	0.044202	0.174707	0.079864	0.148808	0.085759	0.169267	0.051283	0.209926	0.001241	0.201492	0.046831	0.246611	0.004214	0.241449	0.004907	0.251798	-0.050115	0.287557	-0.063925	0.283158	-0.067913	0.282225	-0.051230	0.330664	-0.060166	0.329138	-0.080649	0.249370	-0.100980	0.271432	-0.089122	0.234539	-0.114623	0.299595	-0.112300	0.314956	-0.106576	0.221322	-0.125363	0.235218	-0.115094	0.199685	-0.163429	0.232828	-0.131651	0.149202	-0.169842	0.152317	-0.177753	0.143079	-0.181654	0.148321	-0.169721	0.125898	-0.128463	0.110170	-0.126150	0.110827	-0.126600	0.070537	-0.079574	0.083243	-0.066550	0.062672	-0.077128	0.008787	-0.059178	0.016390	-0.055101	0.064143	
0.054865	-0.022211	0.054429	-0.057528	0.055805	-0.068187	0.053137	-0.067575	0.061274	-0.052593	0.048359	-0.074359	0.049271	-0.076439	0.038437	-0.068604	0.036575	-0.074821	0.047061	-0.087403	0.062730	-0.084774	0.048445	-0.098932	0.061888	-0.097312	0.061674	-0.100579	0.078501	-0.111709	0.082533	-0.110407	0.083664	-0.110138	0.078796	-0.124390	0.081398	-0.123835	0.087177	-0.100980	0.092894	-0.107097	0.089567	-0.096977	0.096588	-0.114902	0.095979	-0.119170	0.094373	-0.093406	0.099460	-0.097193	0.096645	-0.087530	0.109746	-0.096537	0.100884	-0.073371	0.111900	-0.074257	0.114231	-0.071581	0.115333	-0.073112	0.111984	-0.066530	0.099804	-0.061977	0.099021	-0.062116	0.098973	-0.046563	0.078930	-0.051938	0.072532	-0.043400	0.077074	-0.019021	0.068066	-0.022403	0.067026	-0.044571	
-0.036036	0.016332	-0.013496	0.154802	0.029602	0.160583	0.039219	0.158380	0.009915	0.104420	0.056469	0.182893	0.053212	0.190423	0.092197	0.162112	0.098644	0.184477	0.060957	0.228935	0.006229	0.219712	0.056093	0.269065	0.009474	0.263409	0.010238	0.274729	-0.050510	0.314042	-0.065861	0.309156	-0.070301	0.308116	-0.051755	0.361971	-0.061698	0.360317	-0.084539	0.271432	-0.107097	0.296140	-0.093971	0.255007	-0.122348	0.327454	-0.119777	0.344583	-0.113399	0.240365	-0.134210	0.255790	-0.122895	0.216476	-0.176293	0.253124	-0.141259	0.161064	-0.183063	0.164488	-0.191701	0.154373	-0.195973	0.160108	-0.182885	0.135592	-0.137782	0.118383	-0.135268	0.119109	-0.135782	0.075511	-0.085031	0.089211	-0.070973	0.067024	-0.082385	0.008866	-0.062925	0.017059	-0.058605	0.068629	
0.054051	-0.021876	0.055025	-0.049932	0.059428	-0.061125	0.057195	-0.060614	0.064010	-0.048069	0.053203	-0.066283	0.053966	-0.068020	0.044904	-0.061472	0.043336	-0.066673	0.052109	-0.077234	0.065290	-0.075025	0.053273	-0.086936	0.064594	-0.085576	0.064418	-0.088329	0.078291	-0.097603	0.081527	-0.096548	0.082421	-0.096332	0.078516	-0.107832	0.080606	-0.107344	0.085170	-0.089122	0.089567	-0.093971	0.087110	-0.086000	0.092536	-0.100047	0.092066	-0.103381	0.090807	-0.083210	0.094794	-0.086176	0.092543	-0.078558	0.102891	-0.085651	0.095801	-0.067061	0.104870	-0.067781	0.106809	-0.065577	0.107711	-0.066842	0.104985	-0.061387	0.094876	-0.057633	0.094200	-0.057733	0.094116	-0.043937	0.076040	-0.048788	0.070187	-0.041103	0.074288	-0.018976	0.066078	-0.022048	0.065164	-0.042204	
-0.033493	0.015284	-0.015379	0.131006	0.018113	0.138594	0.026369	0.136706	0.001187	0.090344	0.041168	0.157735	0.038372	0.164198	0.071823	0.139906	0.077351	0.159095	0.045015	0.197232	-0.001923	0.189322	0.040837	0.231638	0.000867	0.226801	0.001513	0.236507	-0.049840	0.269957	-0.062675	0.265865	-0.066374	0.264998	-0.050870	0.310032	-0.059172	0.308588	-0.078163	0.234539	-0.096977	0.255007	-0.086000	0.220926	-0.109594	0.281063	-0.107452	0.295280	-0.102144	0.208630	-0.119568	0.221490	-0.110001	0.188519	-0.154905	0.219281	-0.125333	0.141354	-0.161095	0.144262	-0.168519	0.135612	-0.172170	0.140524	-0.161014	0.119506	-0.122337	0.104772	-0.120158	0.105381	-0.120562	0.067275	-0.075979	0.079330	-0.063631	0.059819	-0.073662	0.008729	-0.056703	0.015948	-0.052781	0.061204	
0.055812	-0.022601	0.053721	-0.066399	0.051480	-0.076340	0.048308	-0.075611	0.057971	-0.057817	0.042623	-0.083685	0.043705	-0.086160	0.030822	-0.076836	0.028619	-0.084230	0.041087	-0.099154	0.059644	-0.096039	0.042725	-0.112806	0.058634	-0.110882	0.058377	-0.114748	0.078717	-0.128063	0.083691	-0.126463	0.085100	-0.126128	0.079092	-0.143695	0.082312	-0.143063	0.089542	-0.114623	0.096588	-0.122348	0.092536	-0.109594	0.101450	-0.132200	0.100584	-0.137492	0.098573	-0.105144	0.104908	-0.109883	0.101452	-0.097878	0.117682	-0.109053	0.106807	-0.080678	0.120052	-0.081754	0.122831	-0.078538	0.124161	-0.080372	0.120100	-0.072499	0.105550	-0.067034	0.104642	-0.067216	0.104634	-0.049626	0.082299	-0.055613	0.075265	-0.046080	0.080320	-0.019073	0.070382	-0.022817	0.069194	-0.047333	
-0.037985	0.017135	-0.012047	0.173045	0.038441	0.177401	0.049096	0.174957	0.016647	0.115198	0.068218	0.202128	0.064608	0.210474	0.107816	0.179096	0.114966	0.203884	0.073194	0.253166	0.012521	0.242942	0.067807	0.297665	0.016114	0.291384	0.016968	0.303935	-0.050961	0.347727	-0.068242	0.342237	-0.073252	0.341063	-0.052371	0.401666	-0.063571	0.399852	-0.089378	0.299595	-0.114902	0.327454	-0.100047	0.281063	-0.132200	0.363108	-0.129240	0.382355	-0.122011	0.264595	-0.145414	0.281976	-0.132767	0.237825	-0.192650	0.278969	-0.153444	0.176121	-0.199857	0.179938	-0.209421	0.168707	-0.214166	0.175068	-0.199604	0.147885	-0.149600	0.128789	-0.146830	0.129604	-0.147428	0.081810	-0.091963	0.096767	-0.076596	0.072535	-0.089064	0.008974	-0.067690	0.017910	-0.063068	0.074309	
0.055654	-0.022536	0.053837	-0.064924	0.052186	-0.074970	0.049099	-0.074260	0.058504	-0.056940	0.043566	-0.082117	0.044620	-0.084526	0.032081	-0.075453	0.029935	-0.082648	0.042070	-0.097179	0.060143	-0.094146	0.043665	-0.110476	0.059161	-0.108603	0.058911	-0.112368	0.078673	-0.125321	0.083497	-0.123768	0.084853	-0.123446	0.079034	-0.140471	0.082153	-0.139853	0.089165	-0.112300	0.095979	-0.119777	0.092066	-0.107452	0.100584	-0.129240	0.100220	-0.134955	0.097896	-0.103163	0.104008	-0.107739	0.100657	-0.096138	0.116346	-0.106931	0.105821	-0.079455	0.118689	-0.080499	0.121393	-0.077375	0.122684	-0.079157	0.118743	-0.071503	0.104594	-0.066192	0.103707	-0.066366	0.103692	-0.049117	0.081738	-0.055002	0.074810	-0.045635	0.079780	-0.019064	0.069996	-0.022748	0.068833	-0.046874	
-0.039052	0.017574	-0.011255	0.183018	0.043271	0.186598	0.054494	0.184022	0.020325	0.121094	0.074639	0.212645	0.070835	0.221437	0.116352	0.188383	0.123884	0.214495	0.079881	0.266414	0.015960	0.255642	0.074208	0.313299	0.019743	0.306677	0.020646	0.319900	-0.051198	0.366137	-0.069544	0.360310	-0.074845	0.359072	-0.052694	0.423341	-0.064576	0.421438	-0.092029	0.314956	-0.119170	0.344583	-0.103381	0.295280	-0.137492	0.382355	-0.134955	0.404008	-0.126735	0.277829	-0.151542	0.296275	-0.138162	0.249488	-0.201579	0.293077	-0.160103	0.184348	-0.209034	0.188380	-0.219104	0.176539	-0.224108	0.183243	-0.208740	0.154601	-0.156058	0.134473	-0.153148	0.135337	-0.153792	0.085251	-0.095752	0.100895	-0.079670	0.075545	-0.092714	0.009033	-0.070295	0.018376	-0.065507	0.077412	
0.055257	-0.022373	0.054131	-0.061215	0.053975	-0.071542	0.051100	-0.070882	0.059863	-0.054744	0.045948	-0.078197	0.046930	-0.080439	0.035252	-0.071991	0.033249	-0.078693	0.044552	-0.092241	0.061414	-0.089412	0.046040	-0.104648	0.060502	-0.102901	0.060271	-0.106416	0.078578	-0.118459	0.083009	-0.117030	0.084256	-0.116732	0.078904	-0.132392	0.081768	-0.131805	0.088159	-0.106576	0.094373	-0.113399	0.090807	-0.102144	0.098573	-0.122011	0.097896	-0.126735	0.096185	-0.098212	0.101734	-0.102392	0.098656	-0.091789	0.113017	-0.101659	0.103345	-0.076394	0.115274	-0.077357	0.117789	-0.074460	0.118984	-0.076115	0.115343	-0.069004	0.102192	-0.064078	0.101358	-0.064234	0.101326	-0.047837	0.080330	-0.053467	0.073667	-0.044515	0.078422	-0.019042	0.069027	-0.022575	0.067925	-0.045721	
-0.032597	0.014915	-0.016030	0.122642	0.014173	0.130761	0.021943	0.128986	-0.001764	0.085341	0.035867	0.148773	0.033237	0.154854	0.064714	0.131996	0.069916	0.150053	0.039487	0.185939	-0.004680	0.178496	0.035554	0.218311	-0.002054	0.213764	-0.001449	0.222897	-0.049535	0.254289	-0.061503	0.250469	-0.064947	0.249662	-0.050490	0.291667	-0.058230	0.290300	-0.075910	0.221322	-0.093406	0.240365	-0.083210	0.208630	-0.105144	0.264595	-0.103163	0.277829	-0.098212	0.197322	-0.114423	0.209203	-0.105494	0.178539	-0.147306	0.207151	-0.119717	0.134356	-0.153307	0.137078	-0.160296	0.128954	-0.163723	0.133571	-0.153263	0.113809	-0.116893	0.099964	-0.114835	0.100532	-0.115198	0.064373	-0.072790	0.075848	-0.061043	0.057282	-0.070587	0.008681	-0.054509	0.015556	-0.050727	0.058590	
0.056529	-0.022897	0.053211	-0.073098	0.048390	-0.082677	0.044824	-0.081857	0.055683	-0.061859	0.038430	-0.090938	0.039646	-0.093722	0.025164	-0.083237	0.022696	-0.091548	0.036711	-0.108294	0.057509	-0.104801	0.038547	-0.123591	0.056365	-0.121433	0.056075	-0.125762	0.079022	-0.140729	0.084684	-0.138912	0.086294	-0.138531	0.079454	-0.158489	0.083117	-0.157794	0.091373	-0.125363	0.099460	-0.134210	0.094794	-0.119568	0.104908	-0.145414	0.104008	-0.151542	0.101734	-0.114423	0.109170	-0.119761	0.105084	-0.106040	0.123816	-0.118916	0.111353	-0.086392	0.126389	-0.087621	0.129526	-0.083971	0.131041	-0.086048	0.126404	-0.077140	0.109954	-0.070942	0.108948	-0.071158	0.108974	-0.051978	0.084869	-0.058437	0.077349	-0.048136	0.082800	-0.019108	0.072148	-0.023131	0.070846	-0.049450	
