0.362486	-0.040049	0.182713	-0.157557	0.289277	-0.166839	0.277905	-0.177724	0.303849	-0.130992	0.294112	-0.203150	0.302469	-0.203320	0.260213	-0.224755	0.276637	-0.239057	0.329948	-0.226249	0.347682	-0.179109	0.363118	-0.240808	0.380746	-0.202190	0.389030	-0.207918	0.447675	-0.195079	0.454333	-0.186406	0.456313	-0.184548	0.466773	-0.221995	0.470920	-0.217332	0.452716	-0.159526	0.473277	-0.166261	0.453167	-0.147238	0.491639	-0.178997	0.495529	-0.189355	0.459700	-0.133098	0.475860	-0.135522	0.458341	-0.117025	0.498135	-0.121929	0.454329	-0.082400	0.476606	-0.073721	0.478481	-0.066456	0.482134	-0.068339	0.469349	-0.059136	0.442212	-0.061998	0.447748	-0.055482	0.427199	-0.046033	0.414997	-0.069181	0.402391	-0.066431	0.385249	-0.043954	0.381069	-0.053053	0.399369	-0.071375	
-0.040049	0.006680	-0.020124	0.019704	-0.031935	0.020732	-0.030675	0.021939	-0.033550	0.016759	-0.032471	0.024757	-0.033397	0.024776	-0.028714	0.027151	-0.030534	0.028736	-0.036443	0.027317	-0.038408	0.022092	-0.040119	0.028930	-0.042073	0.024650	-0.042991	0.025285	-0.049491	0.023862	-0.050228	0.022901	-0.050448	0.022695	-0.051607	0.026845	-0.052067	0.026329	-0.050049	0.019922	-0.052328	0.020668	-0.050099	0.018560	-0.054363	0.022080	-0.054794	0.023228	-0.050823	0.016993	-0.052614	0.017261	-0.050673	0.015211	-0.055083	0.015755	-0.050228	0.011374	-0.052697	0.010412	-0.052905	0.009607	-0.053310	0.009815	-0.051893	0.008795	-0.048885	0.009113	-0.049499	0.008390	-0.047221	0.007343	-0.045869	0.009909	-0.044472	0.009604	-0.042572	0.007113	-0.042109	0.008121	-0.044137	0.010152	
0.182713	-0.020124	0.665876	-0.090543	0.283454	-0.291945	0.274810	-0.300074	0.294293	-0.265300	0.286873	-0.319412	0.293176	-0.319544	0.261087	-0.335596	0.273344	-0.346797	0.314631	-0.337778	0.329076	-0.300408	0.341207	-0.349927	0.355501	-0.318634	0.362098	-0.323383	0.422967	-0.307656	0.432518	-0.295716	0.435581	-0.292918	0.449472	-0.344942	0.456154	-0.339446	0.430489	-0.253202	0.462996	-0.263813	0.430616	-0.233258	0.492086	-0.284454	0.498202	-0.301129	0.440969	-0.210089	0.467854	-0.214053	0.437825	-0.182726	0.506092	-0.191251	0.427810	-0.119069	0.471502	-0.102112	0.475614	-0.087744	0.482722	-0.091561	0.458053	-0.072656	0.403376	-0.078590	0.414659	-0.063972	0.366411	-0.039866	0.334325	-0.100224	0.299850	-0.095829	0.251376	-0.032944	0.239110	-0.059602	0.291783	-0.111001	
-0.157557	0.019704	-0.090543	0.503801	-0.156477	0.646126	-0.120608	0.680317	-0.202124	0.533710	-0.171489	0.760550	-0.197804	0.761087	-0.064524	0.828482	-0.116121	0.873926	-0.285062	0.834220	-0.341962	0.683959	-0.391100	0.881270	-0.447565	0.757439	-0.473989	0.775918	-0.678119	0.728208	-0.704519	0.694395	-0.712651	0.686852	-0.752854	0.833319	-0.770217	0.816292	-0.698385	0.582741	-0.783833	0.610601	-0.699448	0.531013	-0.860230	0.664105	-0.876381	0.707505	-0.726557	0.471169	-0.795489	0.481337	-0.719458	0.401769	-0.892060	0.423011	-0.697380	0.245573	-0.801805	0.204839	-0.811188	0.170582	-0.828245	0.179576	-0.768836	0.135221	-0.639419	0.149324	-0.665985	0.115900	-0.557186	0.063025	-0.487340	0.195193	-0.412659	0.184448	-0.307529	0.048940	-0.281369	0.106612	-0.395222	0.217183	
0.289277	-0.031935	0.283454	-0.156477	0.309615	-0.234701	0.296802	-0.246978	0.327114	-0.193515	0.314877	-0.275277	0.324214	-0.275535	0.277114	-0.299255	0.295498	-0.314858	0.353768	-0.300225	0.372790	-0.249832	0.389149	-0.315784	0.407926	-0.274691	0.416709	-0.280795	0.482198	-0.265746	0.490499	-0.255083	0.493062	-0.252706	0.505693	-0.298723	0.511143	-0.293358	0.488544	-0.219819	0.515580	-0.228602	0.488806	-0.203405	0.539743	-0.245533	0.544853	-0.259269	0.497338	-0.184369	0.519328	-0.187568	0.494852	-0.162126	0.550305	-0.168877	0.486907	-0.111017	0.521711	-0.097383	0.524916	-0.085921	0.530596	-0.088940	0.510850	-0.073976	0.467327	-0.078866	0.476275	-0.067211	0.437810	-0.048161	0.412364	-0.096387	0.384783	-0.093140	0.345629	-0.042943	0.335836	-0.064539	0.378413	-0.105588	
-0.166839	0.020732	-0.291945	0.646126	-0.234701	1.007499	-0.180628	1.059101	-0.304928	0.836885	-0.257157	1.179717	-0.296760	1.180588	-0.096299	1.281797	-0.173977	1.349829	-0.426990	1.289764	-0.511871	1.065786	-0.584982	1.359896	-0.669098	1.175476	-0.708424	1.203004	-1.015156	1.130721	-1.055551	1.079093	-1.068062	1.067510	-1.129263	1.291104	-1.156036	1.265385	-1.046213	0.906966	-1.177980	0.949883	-1.047622	0.827018	-1.295805	1.032521	-1.320707	1.099532	-1.089387	0.734426	-1.196196	0.750123	-1.077971	0.626646	-1.346270	0.659621	-1.042176	0.382041	-1.206863	0.317767	-1.221819	0.263677	-1.248704	0.277904	-1.155140	0.207624	-0.950413	0.230077	-0.992472	0.176589	-0.817594	0.091008	-0.704177	0.305580	-0.582515	0.288895	-0.411099	0.067944	-0.368328	0.162023	-0.554155	0.342486	
0.277905	-0.030675	0.274810	-0.120608	0.296802	-0.180628	0.287628	-0.189627	0.309746	-0.150583	0.300620	-0.210004	0.307370	-0.210190	0.273324	-0.227338	0.286618	-0.238610	0.328728	-0.228029	0.342471	-0.191617	0.354294	-0.239275	0.367859	-0.209576	0.374204	-0.213988	0.421752	-0.203012	0.427823	-0.195217	0.429701	-0.193476	0.438931	-0.227113	0.442930	-0.223207	0.426390	-0.169356	0.446221	-0.175791	0.426569	-0.157308	0.463947	-0.188212	0.467697	-0.198290	0.432823	-0.143331	0.448974	-0.145674	0.430975	-0.126983	0.471744	-0.131936	0.425066	-0.089335	0.450750	-0.079266	0.453120	-0.070805	0.457311	-0.073034	0.442742	-0.061980	0.410598	-0.065604	0.417206	-0.056968	0.388672	-0.042817	0.369754	-0.078686	0.349217	-0.076322	0.320020	-0.038930	0.312718	-0.055049	0.344481	-0.085625	
-0.177724	0.021939	-0.300074	0.680317	-0.246978	1.059101	-0.189627	1.114106	-0.321637	0.877777	-0.270848	1.242121	-0.312925	1.243060	-0.099976	1.350559	-0.182536	1.422720	-0.450991	1.358782	-0.540916	1.121446	-0.618359	1.433036	-0.707456	1.237728	-0.749110	1.266874	-1.072986	1.190698	-1.115511	1.136329	-1.128677	1.124137	-1.193129	1.359563	-1.221289	1.332451	-1.105674	0.955215	-1.244328	1.000375	-1.107162	0.871093	-1.368306	1.087324	-1.394509	1.157831	-1.151105	0.773665	-1.263494	0.790179	-1.139077	0.660249	-1.421414	0.694942	-1.101333	0.402775	-1.274742	0.335091	-1.290496	0.278132	-1.318804	0.293114	-1.220290	0.219097	-1.004683	0.242760	-1.048979	0.186385	-0.864604	0.096119	-0.744943	0.322510	-0.616544	0.304982	-0.435602	0.071784	-0.390451	0.171102	-0.586622	0.361582	
0.303849	-0.033550	0.294293	-0.202124	0.327114	-0.304928	0.309746	-0.321637	0.353235	-0.247531	0.334254	-0.359918	0.346882	-0.360266	0.283194	-0.392325	0.308005	-0.413496	0.386893	-0.393702	0.412659	-0.325456	0.434811	-0.414772	0.460246	-0.359120	0.472142	-0.367387	0.560658	-0.347090	0.571840	-0.332723	0.575289	-0.329524	0.592309	-0.391526	0.599639	-0.384285	0.569209	-0.285288	0.605573	-0.297108	0.569575	-0.263218	0.638070	-0.319878	0.644942	-0.338351	0.581056	-0.237629	0.610609	-0.241936	0.577736	-0.207746	0.652225	-0.216826	0.567139	-0.139173	0.613785	-0.120909	0.618075	-0.105551	0.625686	-0.109596	0.599221	-0.089555	0.540921	-0.096090	0.552906	-0.080511	0.501529	-0.055091	0.467592	-0.119393	0.430846	-0.115002	0.378731	-0.048143	0.365698	-0.076867	0.422351	-0.131544	
-0.130992	0.016759	-0.265300	0.533710	-0.193515	0.836885	-0.150583	0.877777	-0.247531	0.702956	-0.211387	0.973767	-0.242862	0.974414	-0.083389	1.054987	-0.145083	1.109417	-0.347342	1.062075	-0.415645	0.882008	-0.474510	1.118654	-0.542254	0.970030	-0.573924	0.992241	-0.824229	0.932784	-0.857597	0.890194	-0.867948	0.880614	-0.918437	1.065204	-0.940632	1.044075	-0.849908	0.747712	-0.958954	0.783230	-0.851058	0.681536	-1.056482	0.851647	-1.077094	0.907122	-0.885639	0.604898	-0.974036	0.617898	-0.876245	0.515714	-1.098219	0.543020	-0.846886	0.313585	-0.982784	0.260567	-0.995104	0.215948	-1.017292	0.227681	-0.940067	0.169744	-0.771260	0.188198	-0.805935	0.144244	-0.662422	0.074133	-0.569625	0.249669	-0.470217	0.235767	-0.330264	0.055270	-0.295361	0.132045	-0.447016	0.279420	
0.294112	-0.032471	0.286873	-0.171489	0.314877	-0.257157	0.300620	-0.270848	0.334254	-0.211387	0.320947	-0.302560	0.331273	-0.302792	0.278609	-0.329302	0.299167	-0.346724	0.364254	-0.330359	0.385489	-0.274103	0.403749	-0.347726	0.424711	-0.301856	0.434516	-0.308670	0.507511	-0.291919	0.516742	-0.280058	0.519591	-0.277417	0.533641	-0.328600	0.539697	-0.322626	0.514568	-0.240873	0.544610	-0.250635	0.514865	-0.222638	0.571457	-0.269446	0.577136	-0.284708	0.524348	-0.201492	0.548772	-0.205048	0.521594	-0.176790	0.583171	-0.184291	0.512799	-0.120068	0.551407	-0.104947	0.554960	-0.092234	0.561260	-0.095582	0.539356	-0.078989	0.491088	-0.084407	0.501011	-0.071493	0.458403	-0.050400	0.430235	-0.103781	0.399715	-0.100167	0.356405	-0.044628	0.345574	-0.068510	0.392664	-0.113928	
-0.203150	0.024757	-0.319412	0.760550	-0.275277	1.179717	-0.210004	1.242121	-0.359918	0.973767	-0.302560	1.387924	-0.350371	1.388962	-0.108141	1.511186	-0.202122	1.593040	-0.506769	1.520015	-0.608499	1.251398	-0.696087	1.603924	-0.796845	1.383125	-0.843951	1.416057	-1.207940	1.330780	-1.255447	1.270003	-1.270143	1.256392	-1.342191	1.519475	-1.373593	1.489104	-1.244442	1.067890	-1.399189	1.118294	-1.246118	0.974016	-1.537542	1.215315	-1.566783	1.293992	-1.295150	0.865291	-1.420576	0.883717	-1.281695	0.738710	-1.596825	0.777420	-1.239408	0.451180	-1.433181	0.375536	-1.450799	0.311879	-1.482430	0.328625	-1.372358	0.245878	-1.131348	0.272367	-1.180866	0.209253	-0.974323	0.108053	-0.840090	0.362025	-0.695969	0.342526	-0.492803	0.080746	-0.442093	0.192288	-0.662401	0.406144	
0.302469	-0.033397	0.293176	-0.197804	0.324214	-0.296760	0.307370	-0.312925	0.346882	-0.242862	0.331273	-0.350371	0.343757	-0.350788	0.281315	-0.382068	0.305626	-0.402687	0.382624	-0.383314	0.407732	-0.316795	0.429321	-0.403846	0.454109	-0.349613	0.465703	-0.357669	0.551861	-0.337931	0.562728	-0.323966	0.566079	-0.320858	0.582623	-0.381122	0.589743	-0.374079	0.560171	-0.277885	0.595497	-0.289368	0.560528	-0.256447	0.627065	-0.311488	0.633741	-0.329432	0.571682	-0.231591	0.600388	-0.235774	0.568459	-0.202566	0.640807	-0.211385	0.558171	-0.135971	0.603469	-0.118235	0.607634	-0.103322	0.615026	-0.107250	0.589325	-0.087788	0.532712	-0.094135	0.544350	-0.079007	0.494459	-0.054322	0.461503	-0.116765	0.425817	-0.112504	0.375204	-0.047573	0.362546	-0.075472	0.417569	-0.128571	
-0.203320	0.024776	-0.319544	0.761087	-0.275535	1.180588	-0.210190	1.243060	-0.360266	0.974414	-0.302792	1.388962	-0.350788	1.390131	-0.108218	1.512417	-0.202304	1.594348	-0.507244	1.521227	-0.609052	1.252396	-0.696709	1.605200	-0.797548	1.384228	-0.844690	1.417186	-1.208961	1.331843	-1.256505	1.271019	-1.271213	1.257397	-1.343316	1.520684	-1.374743	1.490290	-1.245492	1.068748	-1.400360	1.119191	-1.247168	0.974800	-1.538821	1.216289	-1.568084	1.295027	-1.296239	0.865990	-1.421763	0.884430	-1.282773	0.739310	-1.598151	0.778050	-1.240450	0.451551	-1.434379	0.375845	-1.452012	0.312137	-1.483668	0.328897	-1.373508	0.246083	-1.132303	0.272594	-1.181861	0.209428	-0.975147	0.108143	-0.840801	0.362328	-0.696558	0.342815	-0.493219	0.080813	-0.442466	0.192449	-0.662962	0.406487	
0.260213	-0.028714	0.261087	-0.064524	0.277114	-0.096299	0.273324	-0.099976	0.283194	-0.083389	0.278609	-0.108141	0.281315	-0.108218	0.267847	-0.114970	0.273022	-0.119576	0.289848	-0.115345	0.295339	-0.100786	0.300076	-0.119844	0.305491	-0.107960	0.308027	-0.109725	0.327537	-0.105110	0.330126	-0.101794	0.330934	-0.101046	0.334856	-0.115349	0.336588	-0.113721	0.329509	-0.090612	0.338090	-0.093381	0.329556	-0.085382	0.345768	-0.098761	0.347395	-0.103127	0.332252	-0.079301	0.339291	-0.080308	0.331402	-0.072155	0.349248	-0.074300	0.328666	-0.055515	0.340116	-0.051010	0.341184	-0.047229	0.343053	-0.048225	0.336562	-0.043273	0.322172	-0.044924	0.325130	-0.040997	0.312086	-0.034486	0.303351	-0.051084	0.293799	-0.050098	0.280130	-0.032677	0.276711	-0.040256	0.291610	-0.054498	
-0.224755	0.027151	-0.335596	0.828482	-0.299255	1.281797	-0.227338	1.350559	-0.392325	1.054987	-0.329302	1.511186	-0.382068	1.512417	-0.114970	1.647274	-0.218724	1.737173	-0.553999	1.656450	-0.665738	1.361353	-0.761917	1.748525	-0.872551	1.506137	-0.924276	1.542276	-1.322222	1.449297	-1.373943	1.383096	-1.389933	1.368284	-1.468409	1.654769	-1.502554	1.621640	-1.361950	1.163220	-1.530311	1.218058	-1.363783	1.061095	-1.680825	1.323600	-1.712637	1.409188	-1.417121	0.942813	-1.553575	0.962855	-1.402458	0.805096	-1.745329	0.847201	-1.356326	0.492139	-1.567326	0.409760	-1.586521	0.340437	-1.620963	0.358676	-1.501113	0.268544	-1.238612	0.297424	-1.292548	0.228609	-1.067251	0.118159	-0.920690	0.395466	-0.763267	0.374302	-0.541295	0.088340	-0.485882	0.210224	-0.726615	0.443859	
0.276637	-0.030534	0.273344	-0.116121	0.295498	-0.173977	0.286618	-0.182536	0.308005	-0.145083	0.299167	-0.202122	0.305626	-0.202304	0.273022	-0.218724	0.285902	-0.229321	0.325971	-0.219303	0.339065	-0.184608	0.350334	-0.230014	0.363256	-0.201718	0.369302	-0.205922	0.414646	-0.195442	0.420445	-0.187997	0.422239	-0.186333	0.431056	-0.218460	0.434878	-0.214732	0.419075	-0.163278	0.438030	-0.169427	0.419242	-0.151761	0.454975	-0.181299	0.458560	-0.190932	0.425218	-0.138397	0.440662	-0.140636	0.423446	-0.122764	0.462436	-0.127497	0.417779	-0.086742	0.442362	-0.077102	0.444632	-0.069002	0.448643	-0.071136	0.434698	-0.060553	0.403924	-0.064027	0.410251	-0.055753	0.382905	-0.042188	0.364769	-0.076582	0.345072	-0.074326	0.317060	-0.038463	0.310055	-0.053931	0.340531	-0.083256	
-0.239057	0.028736	-0.346797	0.873926	-0.314858	1.349829	-0.238610	1.422720	-0.413496	1.109417	-0.346724	1.593040	-0.402687	1.594348	-0.119576	1.737173	-0.229321	1.832974	-0.584978	1.747031	-0.703387	1.434269	-0.805293	1.844565	-0.922517	1.587772	-0.977323	1.626050	-1.397895	1.527946	-1.452419	1.458140	-1.469269	1.442530	-1.552019	1.744574	-1.587985	1.709610	-1.439769	1.226464	-1.617173	1.284249	-1.441709	1.118859	-1.775765	1.395451	-1.809283	1.485630	-1.497907	0.994231	-1.641685	1.015347	-1.482445	0.849120	-1.843733	0.893482	-1.433768	0.519290	-1.656196	0.432445	-1.676437	0.359364	-1.712743	0.378592	-1.586408	0.283562	-1.309653	0.314027	-1.366520	0.241432	-1.128792	0.124853	-0.974062	0.417619	-0.807827	0.395348	-0.573400	0.093367	-0.514873	0.222101	-0.769131	0.468837	
0.329948	-0.036443	0.314631	-0.285062	0.353768	-0.426990	0.328728	-0.450991	0.386893	-0.347342	0.364254	-0.506769	0.382624	-0.507244	0.289848	-0.553999	0.325971	-0.584978	0.441560	-0.556454	0.479390	-0.455955	0.512009	-0.587439	0.549449	-0.505559	0.566961	-0.517724	0.696471	-0.488176	0.712697	-0.467316	0.717691	-0.462682	0.742411	-0.552704	0.753011	-0.542146	0.708883	-0.398685	0.761491	-0.415800	0.709447	-0.366777	0.808496	-0.448734	0.818433	-0.475450	0.726067	-0.329794	0.768764	-0.336030	0.721318	-0.286643	0.828849	-0.299774	0.706173	-0.187823	0.773294	-0.161558	0.779455	-0.139467	0.790407	-0.145285	0.752320	-0.116472	0.668490	-0.125844	0.685724	-0.103500	0.612104	-0.067115	0.563555	-0.159067	0.511050	-0.152693	0.436664	-0.057187	0.418061	-0.098160	0.498901	-0.176265	
-0.226249	0.027317	-0.337778	0.834220	-0.300225	1.289764	-0.228029	1.358782	-0.393702	1.062075	-0.330359	1.520015	-0.383314	1.521227	-0.115345	1.656450	-0.219303	1.747031	-0.556454	1.666310	-0.668952	1.369020	-0.765854	1.759016	-0.877289	1.514883	-0.929395	1.551284	-1.329990	1.457722	-1.382024	1.391119	-1.398109	1.376219	-1.477063	1.664443	-1.511406	1.631104	-1.369959	1.169951	-1.539309	1.225115	-1.371809	1.067230	-1.690705	1.331276	-1.722702	1.417365	-1.425461	0.948258	-1.562709	0.968419	-1.410717	0.809742	-1.755577	0.852095	-1.364327	0.494980	-1.576541	0.412130	-1.595846	0.342409	-1.630485	0.360752	-1.509948	0.270102	-1.245939	0.299146	-1.300186	0.229936	-1.073594	0.118850	-0.926187	0.397751	-0.767857	0.376467	-0.544608	0.088854	-0.488875	0.211441	-0.730993	0.446424	
0.347682	-0.038408	0.329076	-0.341962	0.372790	-0.511871	0.342471	-0.540916	0.412659	-0.415645	0.385489	-0.608499	0.407732	-0.609052	0.295339	-0.665738	0.339065	-0.703387	0.479390	-0.668952	0.525693	-0.546435	0.565424	-0.706783	0.611105	-0.606897	0.632462	-0.621733	0.790206	-0.585805	0.809918	-0.560458	0.815982	-0.554833	0.846020	-0.664215	0.858883	-0.651369	0.805288	-0.477163	0.869134	-0.497942	0.805988	-0.438447	0.926176	-0.537909	0.938234	-0.570329	0.826164	-0.393580	0.877957	-0.401152	0.820425	-0.341247	0.950826	-0.357182	0.802129	-0.221483	0.883428	-0.189678	0.890886	-0.162926	0.904151	-0.169971	0.858018	-0.135082	0.756507	-0.146418	0.777376	-0.119389	0.688349	-0.075407	0.629677	-0.186512	0.566257	-0.178763	0.476446	-0.063413	0.453984	-0.112870	0.551576	-0.207204	
-0.179109	0.022092	-0.300408	0.683959	-0.249832	1.065786	-0.191617	1.121446	-0.325456	0.882008	-0.274103	1.251398	-0.316795	1.252396	-0.100786	1.361353	-0.184608	1.434269	-0.455955	1.369020	-0.546435	1.130189	-0.624383	1.443719	-0.714034	1.247181	-0.755955	1.276511	-1.081972	1.199809	-1.124801	1.145055	-1.138062	1.132775	-1.202967	1.369868	-1.231334	1.342571	-1.114893	0.962616	-1.254563	1.008105	-1.116386	0.877874	-1.379450	1.095693	-1.405845	1.166718	-1.160649	0.779725	-1.273873	0.796360	-1.148522	0.665461	-1.432976	0.700411	-1.110461	0.406018	-1.285220	0.337804	-1.301101	0.280400	-1.329629	0.295500	-1.230350	0.220900	-1.013050	0.244754	-1.057694	0.187923	-0.871811	0.096909	-0.751151	0.325194	-0.621669	0.307537	-0.439191	0.072368	-0.393656	0.172531	-0.591496	0.364625	
0.363118	-0.040119	0.341207	-0.391100	0.389149	-0.584982	0.354294	-0.618359	0.434811	-0.474510	0.403749	-0.696087	0.429321	-0.696709	0.300076	-0.761917	0.350334	-0.805293	0.512009	-0.765854	0.565424	-0.624383	0.611449	-0.809587	0.664181	-0.694141	0.688878	-0.711290	0.871028	-0.669856	0.893744	-0.640641	0.900729	-0.634160	0.935354	-0.760233	0.950165	-0.745412	0.888410	-0.544716	0.961934	-0.568651	0.889227	-0.500139	1.027620	-0.614673	1.041505	-0.652004	0.912464	-0.448484	0.972088	-0.457205	0.905873	-0.388245	1.055962	-0.406593	0.884865	-0.250457	0.978365	-0.213884	0.986938	-0.183119	1.002194	-0.191221	0.949135	-0.151105	0.832410	-0.164132	0.856406	-0.133072	0.754124	-0.082556	0.686746	-0.210139	0.613935	-0.201209	0.510852	-0.068789	0.485071	-0.125544	0.597076	-0.233839	
-0.240808	0.028930	-0.349927	0.881270	-0.315784	1.359896	-0.239275	1.433036	-0.414772	1.118654	-0.347726	1.603924	-0.403846	1.605200	-0.119844	1.748525	-0.230014	1.844565	-0.587439	1.759016	-0.706783	1.443719	-0.809587	1.857467	-0.927793	1.598426	-0.983078	1.637034	-1.407068	1.538202	-1.461982	1.467891	-1.478950	1.452171	-1.562298	1.756392	-1.598509	1.721160	-1.449243	1.234620	-1.627867	1.292808	-1.451206	1.126282	-1.787546	1.404772	-1.821293	1.495568	-1.507793	1.000806	-1.652545	1.022069	-1.492235	0.854715	-1.855956	0.899383	-1.443253	0.522689	-1.667150	0.435275	-1.687523	0.361712	-1.724069	0.381067	-1.596900	0.285412	-1.318324	0.316073	-1.375566	0.243004	-1.136291	0.125666	-0.980552	0.420329	-0.813240	0.397911	-0.577301	0.093970	-0.518393	0.223536	-0.774293	0.471872	
0.380746	-0.042073	0.355501	-0.447565	0.407926	-0.669098	0.367859	-0.707456	0.460246	-0.542254	0.424711	-0.796845	0.454109	-0.797548	0.305491	-0.872551	0.363256	-0.922517	0.549449	-0.877289	0.611105	-0.714034	0.664181	-0.927793	0.725284	-0.794417	0.753778	-0.814232	0.963877	-0.766472	0.990042	-0.732819	0.998085	-0.725357	1.037972	-0.870586	1.055023	-0.853502	0.983900	-0.622384	1.068544	-0.649944	0.984851	-0.571071	1.144162	-0.702925	1.160145	-0.745900	1.011607	-0.511614	1.080232	-0.521657	1.004036	-0.442289	1.176756	-0.463412	0.979910	-0.283778	1.087441	-0.241723	1.097297	-0.206344	1.114842	-0.215661	1.053820	-0.169533	0.919598	-0.184502	0.947192	-0.148805	0.829663	-0.090771	0.752267	-0.237311	0.668652	-0.227020	0.550302	-0.074959	0.520702	-0.140112	0.649287	-0.264469	
-0.202190	0.024650	-0.318634	0.757439	-0.274691	1.175476	-0.209576	1.237728	-0.359120	0.970030	-0.301856	1.383125	-0.349613	1.384228	-0.107960	1.506137	-0.201718	1.587772	-0.505559	1.514883	-0.606897	1.247181	-0.694141	1.598426	-0.794417	1.378648	-0.841302	1.411405	-1.203806	1.326458	-1.251150	1.265892	-1.265797	1.252327	-1.337589	1.514493	-1.368890	1.484237	-1.240185	1.064446	-1.394421	1.114683	-1.241851	0.970879	-1.532318	1.211387	-1.561463	1.289806	-1.290722	0.862509	-1.415740	0.880875	-1.277309	0.736338	-1.591420	0.774923	-1.235154	0.449728	-1.428311	0.374324	-1.445875	0.310870	-1.477405	0.327563	-1.367683	0.245078	-1.127438	0.271481	-1.176799	0.208567	-0.970911	0.107687	-0.837103	0.360852	-0.693441	0.341413	-0.490921	0.080464	-0.440373	0.191650	-0.659979	0.404828	
0.389030	-0.042991	0.362098	-0.473989	0.416709	-0.708424	0.374204	-0.749110	0.472142	-0.573924	0.434516	-0.843951	0.465703	-0.844690	0.308027	-0.924276	0.369302	-0.977323	0.566961	-0.929395	0.632462	-0.755955	0.688878	-0.983078	0.753778	-0.841302	0.784207	-0.862352	1.007325	-0.811645	1.035103	-0.775915	1.043641	-0.767993	1.085990	-0.922183	1.104087	-0.904039	1.028583	-0.658696	1.118426	-0.687950	1.029597	-0.604233	1.198688	-0.744185	1.215652	-0.789799	1.057997	-0.541129	1.130831	-0.551790	1.049969	-0.467556	1.233268	-0.489976	1.024385	-0.299357	1.138474	-0.254739	1.148930	-0.217203	1.167545	-0.227088	1.102801	-0.178150	0.960400	-0.194028	0.989675	-0.156164	0.865019	-0.094615	0.782940	-0.250016	0.694275	-0.239091	0.568787	-0.077849	0.537402	-0.146927	0.673739	-0.278793	
-0.207918	0.025285	-0.323383	0.775918	-0.280795	1.203004	-0.213988	1.266874	-0.367387	0.992241	-0.308670	1.416057	-0.357669	1.417186	-0.109725	1.542276	-0.205922	1.626050	-0.517724	1.551284	-0.621733	1.276511	-0.711290	1.637034	-0.814232	1.411405	-0.862352	1.445088	-1.234073	1.358038	-1.282546	1.296021	-1.297539	1.282135	-1.371056	1.550577	-1.403089	1.519578	-1.271316	1.089826	-1.429191	1.141249	-1.273027	0.994054	-1.570339	1.240231	-1.600170	1.320497	-1.323049	0.883132	-1.451012	0.901930	-1.309316	0.753989	-1.630830	0.793482	-1.266144	0.460603	-1.463886	0.383409	-1.481869	0.318447	-1.514147	0.335537	-1.401823	0.251087	-1.155861	0.278126	-1.206398	0.213698	-0.995532	0.110364	-0.858455	0.369714	-0.711267	0.349831	-0.503767	0.082473	-0.451972	0.196399	-0.676988	0.414817	
0.447675	-0.049491	0.422967	-0.678119	0.482198	-1.015156	0.421752	-1.072986	0.560658	-0.824229	0.507511	-1.207940	0.551861	-1.208961	0.327537	-1.322222	0.414646	-1.397895	0.696471	-1.329990	0.790206	-1.081972	0.871028	-1.407068	0.963877	-1.203806	1.007325	-1.234073	1.331985	-1.159955	1.372329	-1.108044	1.384741	-1.096525	1.446559	-1.321403	1.472871	-1.294871	1.362846	-0.937828	1.493277	-0.980342	1.364421	-0.858827	1.609778	-1.061948	1.634391	-1.128135	1.405675	-0.767330	1.511234	-0.782818	1.394175	-0.660771	1.659575	-0.693285	1.357556	-0.417727	1.522120	-0.353406	1.537167	-0.299283	1.564016	-0.313534	1.470612	-0.243016	1.265370	-0.265844	1.307563	-0.211419	1.128555	-0.123144	1.010900	-0.345827	0.883949	-0.329957	0.704443	-0.099147	0.659545	-0.197909	0.854520	-0.386653	
-0.195079	0.023862	-0.307656	0.728208	-0.265746	1.130721	-0.203012	1.190698	-0.347090	0.932784	-0.291919	1.330780	-0.337931	1.331843	-0.105110	1.449297	-0.195442	1.527946	-0.488176	1.457722	-0.585805	1.199809	-0.669856	1.538202	-0.766472	1.326458	-0.811645	1.358038	-1.159955	1.276634	-1.205485	1.218396	-1.219561	1.205362	-1.288431	1.456981	-1.318512	1.427976	-1.194956	1.024722	-1.343250	1.073011	-1.196522	0.934734	-1.475844	1.166009	-1.503872	1.241424	-1.243509	0.830500	-1.363769	0.848159	-1.230577	0.709111	-1.532800	0.746229	-1.189949	0.433249	-1.375910	0.360651	-1.392825	0.299558	-1.423181	0.315631	-1.317551	0.236209	-1.086238	0.261631	-1.133764	0.201047	-0.935494	0.103892	-0.806636	0.347703	-0.668279	0.328983	-0.473224	0.077664	-0.424542	0.184757	-0.636053	0.390064	
0.454333	-0.050228	0.432518	-0.704519	0.490499	-1.055551	0.427823	-1.115511	0.571840	-0.857597	0.516742	-1.255447	0.562728	-1.256505	0.330126	-1.373943	0.420445	-1.452419	0.712697	-1.382024	0.809918	-1.124801	0.893744	-1.461982	0.990042	-1.251150	1.035103	-1.282546	1.372329	-1.205485	1.414586	-1.151243	1.427414	-1.139322	1.491785	-1.373578	1.519214	-1.345969	1.404600	-0.974084	1.540412	-1.018347	1.406263	-0.891837	1.661703	-1.103309	1.687336	-1.172225	1.449224	-0.796591	1.559099	-0.812719	1.437282	-0.685691	1.713479	-0.719536	1.399258	-0.432858	1.570390	-0.365976	1.586030	-0.309698	1.613951	-0.324516	1.516815	-0.251198	1.303413	-0.274923	1.347282	-0.218363	1.161287	-0.126664	1.039081	-0.357947	0.907247	-0.341424	0.720866	-0.101747	0.674247	-0.204281	0.876680	-0.400274	
-0.186406	0.022901	-0.295716	0.694395	-0.255083	1.079093	-0.195217	1.136329	-0.332723	0.890194	-0.280058	1.270003	-0.323966	1.271019	-0.101794	1.383096	-0.187997	1.458140	-0.467316	1.391119	-0.560458	1.145055	-0.640641	1.467891	-0.732819	1.265892	-0.775915	1.296021	-1.108044	1.218396	-1.151243	1.163140	-1.164738	1.150621	-1.230326	1.390225	-1.258982	1.362607	-1.141306	0.978342	-1.282728	1.024391	-1.142760	0.892498	-1.409201	1.113104	-1.435926	1.185034	-1.187568	0.793053	-1.302315	0.809894	-1.175204	0.677211	-1.463631	0.712628	-1.136377	0.413862	-1.313937	0.344540	-1.330094	0.286205	-1.359079	0.301552	-1.258221	0.225712	-1.037346	0.249986	-1.082728	0.192134	-0.893405	0.099364	-0.770376	0.332157	-0.638277	0.314271	-0.452032	0.074315	-0.405554	0.176571	-0.607506	0.372592	
0.456313	-0.050448	0.435581	-0.712651	0.493062	-1.068062	0.429701	-1.128677	0.575289	-0.867948	0.519591	-1.270143	0.566079	-1.271213	0.330934	-1.389933	0.422239	-1.469269	0.717691	-1.398109	0.815982	-1.138062	0.900729	-1.478950	0.998085	-1.265797	1.043641	-1.297539	1.384741	-1.219561	1.427414	-1.164738	1.440597	-1.152513	1.505654	-1.389698	1.533426	-1.361764	1.417413	-0.985317	1.554894	-1.030121	1.419099	-0.902062	1.677676	-1.116128	1.703611	-1.185880	1.462591	-0.805649	1.573808	-0.821977	1.450512	-0.693400	1.730067	-0.727660	1.412054	-0.437528	1.585223	-0.369853	1.601047	-0.312906	1.629300	-0.327900	1.531007	-0.253715	1.315076	-0.277717	1.359465	-0.220497	1.171309	-0.127740	1.047698	-0.361678	0.914356	-0.344952	0.725855	-0.102539	0.678706	-0.206237	0.883439	-0.404465	
-0.184548	0.022695	-0.292918	0.686852	-0.252706	1.067510	-0.193476	1.124137	-0.329524	0.880614	-0.277417	1.256392	-0.320858	1.257397	-0.101046	1.368284	-0.186333	1.442530	-0.462682	1.376219	-0.554833	1.132775	-0.634160	1.452171	-0.725357	1.252327	-0.767993	1.282135	-1.096525	1.205362	-1.139322	1.150621	-1.152513	1.138449	-1.217452	1.375288	-1.245789	1.347973	-1.129416	0.967945	-1.269292	1.013490	-1.130847	0.883035	-1.394383	1.101236	-1.420833	1.172396	-1.175164	0.784668	-1.288670	0.801325	-1.162927	0.670074	-1.448248	0.705108	-1.124501	0.409536	-1.300177	0.340948	-1.316164	0.283232	-1.344842	0.298416	-1.245054	0.223379	-1.026520	0.247396	-1.071420	0.190156	-0.884098	0.098365	-0.762370	0.328699	-0.631666	0.311000	-0.447386	0.073578	-0.401399	0.174757	-0.601221	0.368706	
0.466773	-0.051607	0.449472	-0.752854	0.505693	-1.129263	0.438931	-1.193129	0.592309	-0.918437	0.533641	-1.342191	0.582623	-1.343316	0.334856	-1.468409	0.431056	-1.552019	0.742411	-1.477063	0.846020	-1.202967	0.935354	-1.562298	1.037972	-1.337589	1.085990	-1.371056	1.446559	-1.288431	1.491785	-1.230326	1.505654	-1.217452	1.574944	-1.469013	1.604212	-1.439243	1.481201	-1.040247	1.626807	-1.087727	1.483011	-0.952090	1.756852	-1.178808	1.784316	-1.252672	1.529074	-0.850011	1.646817	-0.867303	1.516324	-0.731195	1.812208	-0.767469	1.475731	-0.460513	1.658844	-0.388958	1.675567	-0.328746	1.705443	-0.344599	1.601499	-0.266173	1.373209	-0.291536	1.420138	-0.231079	1.221382	-0.133128	1.090864	-0.380123	0.950106	-0.362411	0.751160	-0.106531	0.701399	-0.215962	0.917463	-0.425198	
-0.221995	0.026845	-0.344942	0.833319	-0.298723	1.291104	-0.227113	1.359563	-0.391526	1.065204	-0.328600	1.519475	-0.381122	1.520684	-0.115349	1.654769	-0.218460	1.744574	-0.552704	1.664443	-0.664215	1.369868	-0.760233	1.756392	-0.870586	1.514493	-0.922183	1.550577	-1.321403	1.456981	-1.373578	1.390225	-1.389698	1.375288	-1.469013	1.664507	-1.503327	1.630911	-1.361494	1.168679	-1.531103	1.223948	-1.363395	1.065833	-1.682721	1.330254	-1.714757	1.416455	-1.417139	0.946735	-1.554511	0.966930	-1.402446	0.808128	-1.747493	0.850528	-1.356228	0.493428	-1.568263	0.410664	-1.587535	0.341011	-1.622145	0.359335	-1.501701	0.268795	-1.237989	0.297781	-1.292174	0.228716	-1.066133	0.117950	-0.919180	0.395958	-0.761401	0.374650	-0.538999	0.088062	-0.483475	0.210165	-0.724656	0.444300	
0.470920	-0.052067	0.456154	-0.770217	0.511143	-1.156036	0.442930	-1.221289	0.599639	-0.940632	0.539697	-1.373593	0.589743	-1.374743	0.336588	-1.502554	0.434878	-1.587985	0.753011	-1.511406	0.858883	-1.231334	0.950165	-1.598509	1.055023	-1.368890	1.104087	-1.403089	1.472871	-1.318512	1.519214	-1.258982	1.533426	-1.245789	1.604212	-1.503327	1.634604	-1.473181	1.508377	-1.064210	1.657561	-1.112862	1.510242	-0.973894	1.790802	-1.206179	1.818941	-1.281854	1.557442	-0.869322	1.678055	-0.887040	1.544401	-0.747621	1.847458	-0.784781	1.502886	-0.470451	1.690345	-0.397204	1.707459	-0.335565	1.738044	-0.351793	1.631630	-0.271517	1.397946	-0.297472	1.445984	-0.235608	1.242627	-0.135405	1.109119	-0.388051	0.965155	-0.369904	0.761701	-0.108206	0.710812	-0.220110	0.931766	-0.434100	
-0.217332	0.026329	-0.339446	0.816292	-0.293358	1.265385	-0.223207	1.332451	-0.384285	1.044075	-0.322626	1.489104	-0.374079	1.490290	-0.113721	1.621640	-0.214732	1.709610	-0.542146	1.631104	-0.651369	1.342571	-0.745412	1.721160	-0.853502	1.484237	-0.904039	1.519578	-1.294871	1.427976	-1.345969	1.362607	-1.361764	1.347973	-1.439243	1.630911	-1.473181	1.598475	-1.334140	1.145499	-1.500347	1.199655	-1.335987	1.044706	-1.648931	1.303838	-1.680328	1.388318	-1.388655	0.927982	-1.523292	0.947773	-1.374248	0.792129	-1.712443	0.833686	-1.328939	0.483661	-1.536780	0.402533	-1.555672	0.334258	-1.589597	0.352219	-1.471536	0.263470	-1.213040	0.291881	-1.266152	0.224186	-1.044605	0.115626	-0.900587	0.388086	-0.745962	0.367191	-0.528007	0.086332	-0.473595	0.205993	-0.709949	0.435444	
0.452716	-0.050049	0.430489	-0.698385	0.488544	-1.046213	0.426390	-1.105674	0.569209	-0.849908	0.514568	-1.244442	0.560171	-1.245492	0.329509	-1.361950	0.419075	-1.439769	0.708883	-1.369959	0.805288	-1.114893	0.888410	-1.449243	0.983900	-1.240185	1.028583	-1.271316	1.362846	-1.194956	1.404600	-1.141306	1.417413	-1.129416	1.481201	-1.361494	1.508377	-1.334140	1.394874	-0.965652	1.529400	-1.009520	1.396474	-0.884171	1.649586	-1.093711	1.674982	-1.161990	1.439040	-0.789796	1.547913	-0.805774	1.427202	-0.679902	1.700896	-0.713443	1.389505	-0.429342	1.559113	-0.363055	1.574616	-0.307278	1.602288	-0.321964	1.506019	-0.249295	1.294510	-0.272811	1.337991	-0.216747	1.153618	-0.125842	1.032467	-0.355128	0.901766	-0.338756	0.716982	-0.101136	0.670762	-0.202794	0.871463	-0.397105	
-0.159526	0.019922	-0.253202	0.582741	-0.219819	0.906966	-0.169356	0.955215	-0.285288	0.747712	-0.240873	1.067890	-0.277885	1.068748	-0.090612	1.163220	-0.163278	1.226464	-0.398685	1.169951	-0.477163	0.962616	-0.544716	1.234620	-0.622384	1.064446	-0.658696	1.089826	-0.937828	1.024722	-0.974084	0.978342	-0.985317	0.967945	-1.040247	1.168679	-1.064210	1.145499	-0.965652	0.823863	-1.084095	0.862311	-0.966836	0.751877	-1.189954	0.936598	-1.212288	0.996816	-1.004312	0.668501	-1.100571	0.682596	-0.993825	0.571249	-1.236030	0.600955	-0.960951	0.349719	-1.110494	0.291316	-1.124126	0.242176	-1.148540	0.255105	-1.063604	0.191197	-0.877514	0.211653	-0.915747	0.162879	-0.756117	0.084640	-0.652390	0.280959	-0.540987	0.265871	-0.383854	0.063484	-0.344659	0.149771	-0.515037	0.315089	
0.473277	-0.052328	0.462996	-0.783833	0.515580	-1.177980	0.446221	-1.244328	0.605573	-0.958954	0.544610	-1.399189	0.595497	-1.400360	0.338090	-1.530311	0.438030	-1.617173	0.761491	-1.539309	0.869134	-1.254563	0.961934	-1.627867	1.068544	-1.394421	1.118426	-1.429191	1.493277	-1.343250	1.540412	-1.282728	1.554894	-1.269292	1.626807	-1.531103	1.657561	-1.500347	1.529400	-1.084095	1.681618	-1.133647	1.531253	-0.991946	1.817506	-1.228912	1.846252	-1.306160	1.579428	-0.885253	1.702474	-0.903327	1.566155	-0.761105	1.875287	-0.799028	1.523895	-0.478492	1.714976	-0.403836	1.732414	-0.341011	1.763589	-0.357551	1.655117	-0.275738	1.416949	-0.302180	1.465908	-0.239158	1.258780	-0.137119	1.122838	-0.394355	0.976278	-0.375838	0.769187	-0.109430	0.717386	-0.223325	0.942282	-0.441163	
-0.166261	0.020668	-0.263813	0.610601	-0.228602	0.949883	-0.175791	1.000375	-0.297108	0.783230	-0.250635	1.118294	-0.289368	1.119191	-0.093381	1.218058	-0.169427	1.284249	-0.415800	1.225115	-0.497942	1.008105	-0.568651	1.292808	-0.649944	1.114683	-0.687950	1.141249	-0.980342	1.073011	-1.018347	1.024391	-1.030121	1.013490	-1.087727	1.223948	-1.112862	1.199655	-1.009520	0.862311	-1.133647	0.902825	-1.010765	0.786916	-1.244682	0.980610	-1.268111	1.043746	-1.050066	0.699541	-1.150926	0.714325	-1.039109	0.597665	-1.292811	0.628789	-1.004750	0.365720	-1.161274	0.304597	-1.175535	0.253166	-1.201088	0.266698	-1.112185	0.199816	-0.917428	0.221223	-0.957442	0.170186	-0.790408	0.088321	-0.681865	0.293740	-0.565297	0.277955	-0.400899	0.066192	-0.359886	0.156465	-0.538144	0.329445	
0.453167	-0.050099	0.430616	-0.699448	0.488806	-1.047622	0.426569	-1.107162	0.569575	-0.851058	0.514865	-1.246118	0.560528	-1.247168	0.329556	-1.363783	0.419242	-1.441709	0.709447	-1.371809	0.805988	-1.116386	0.889227	-1.451206	0.984851	-1.241851	1.029597	-1.273027	1.364421	-1.196522	1.406263	-1.142760	1.419099	-1.130847	1.483011	-1.363395	1.510242	-1.335987	1.396474	-0.966836	1.531253	-1.010765	1.398202	-0.885239	1.651621	-1.095081	1.677070	-1.163467	1.440788	-0.790753	1.549789	-0.806745	1.428939	-0.680734	1.702941	-0.714310	1.391193	-0.429878	1.561005	-0.363512	1.576527	-0.307666	1.604233	-0.322371	1.507848	-0.249613	1.296083	-0.273158	1.339617	-0.217023	1.155008	-0.125999	1.033698	-0.355586	0.902824	-0.339195	0.717793	-0.101258	0.671511	-0.203054	0.872481	-0.397624	
-0.147238	0.018560	-0.233258	0.531013	-0.203405	0.827018	-0.157308	0.871093	-0.263218	0.681536	-0.222638	0.974016	-0.256447	0.974800	-0.085382	1.061095	-0.151761	1.118859	-0.366777	1.067230	-0.438447	0.877874	-0.500139	1.126282	-0.571071	0.970879	-0.604233	0.994054	-0.858827	0.934734	-0.891837	0.892498	-0.902062	0.883035	-0.952090	1.065833	-0.973894	1.044706	-0.884171	0.751877	-0.991946	0.786916	-0.885239	0.686484	-1.088258	0.854511	-1.108580	0.909300	-0.919322	0.610541	-1.006966	0.623353	-0.909709	0.521953	-1.130368	0.548994	-0.879604	0.319903	-1.016100	0.266585	-1.028557	0.221726	-1.050842	0.233529	-0.973321	0.175176	-0.803426	0.193855	-0.838331	0.149306	-0.692515	0.077823	-0.597763	0.257184	-0.495981	0.243401	-0.352378	0.058478	-0.316568	0.137343	-0.472272	0.288389	
0.491639	-0.054363	0.492086	-0.860230	0.539743	-1.295805	0.463947	-1.368306	0.638070	-1.056482	0.571457	-1.537542	0.627065	-1.538821	0.345768	-1.680825	0.454975	-1.775765	0.808496	-1.690705	0.926176	-1.379450	1.027620	-1.787546	1.144162	-1.532318	1.198688	-1.570339	1.609778	-1.475844	1.661703	-1.409201	1.677676	-1.394383	1.756852	-1.682721	1.790802	-1.648931	1.649586	-1.189954	1.817506	-1.244682	1.651621	-1.088258	1.967756	-1.349885	1.999329	-1.435106	1.704827	-0.970546	1.840545	-0.990508	1.690275	-0.833660	2.031082	-0.875498	1.643939	-0.522400	1.854208	-0.440267	1.873374	-0.371145	1.907681	-0.389340	1.788304	-0.299356	1.526315	-0.328413	1.580168	-0.259176	1.352711	-0.147190	1.203556	-0.429393	1.042830	-0.408960	0.815814	-0.116837	0.759028	-0.241662	1.005535	-0.480515	
-0.178997	0.022080	-0.284454	0.664105	-0.245533	1.032521	-0.188212	1.087324	-0.319878	0.851647	-0.269446	1.215315	-0.311488	1.216289	-0.098761	1.323600	-0.181299	1.395451	-0.448734	1.331276	-0.537909	1.095693	-0.614673	1.404772	-0.702925	1.211387	-0.744185	1.240231	-1.061948	1.166009	-1.103309	1.113104	-1.116128	1.101236	-1.178808	1.330254	-1.206179	1.303838	-1.093711	0.936598	-1.228912	0.980610	-1.095081	0.854511	-1.349885	1.065514	-1.375364	1.134210	-1.137907	0.759403	-1.247663	0.775504	-1.126053	0.648580	-1.401997	0.682458	-1.088834	0.396524	-1.258829	0.330152	-1.274304	0.274300	-1.302055	0.288995	-1.205497	0.216376	-0.994016	0.239618	-1.037467	0.184218	-0.856166	0.095372	-0.738349	0.318312	-0.611841	0.301180	-0.433463	0.071372	-0.388952	0.169314	-0.582373	0.357040	
0.495529	-0.054794	0.498202	-0.876381	0.544853	-1.320707	0.467697	-1.394509	0.644942	-1.077094	0.577136	-1.566783	0.633741	-1.568084	0.347395	-1.712637	0.458560	-1.809283	0.818433	-1.722702	0.938234	-1.405845	1.041505	-1.821293	1.160145	-1.561463	1.215652	-1.600170	1.634391	-1.503872	1.687336	-1.435926	1.703611	-1.420833	1.784316	-1.714757	1.818941	-1.680328	1.674982	-1.212288	1.846252	-1.268111	1.677070	-1.108580	1.999329	-1.375364	2.032698	-1.462903	1.731348	-0.988554	1.869729	-1.008916	1.716510	-0.848989	2.063993	-0.891647	1.669313	-0.531679	1.883637	-0.447965	1.903169	-0.377512	1.938137	-0.396057	1.816455	-0.304346	1.549431	-0.333956	1.604319	-0.263405	1.372567	-0.149318	1.220620	-0.436797	1.056901	-0.415958	0.825674	-0.118402	0.767836	-0.245537	1.018908	-0.488829	
-0.189355	0.023228	-0.301129	0.707505	-0.259269	1.099532	-0.198290	1.157831	-0.338351	0.907122	-0.284708	1.293992	-0.329432	1.295027	-0.103127	1.409188	-0.190932	1.485630	-0.475450	1.417365	-0.570329	1.166718	-0.652004	1.495568	-0.745900	1.289806	-0.789799	1.320497	-1.128135	1.241424	-1.172225	1.185034	-1.185880	1.172396	-1.252672	1.416455	-1.281854	1.388318	-1.161990	0.996816	-1.306160	1.043746	-1.163467	0.909300	-1.435106	1.134210	-1.462903	1.207967	-1.209158	0.807927	-1.326121	0.825099	-1.196570	0.689858	-1.490539	0.725962	-1.157034	0.421499	-1.337949	0.350871	-1.354408	0.291436	-1.383940	0.307072	-1.281176	0.229803	-1.056139	0.254532	-1.102376	0.195596	-0.909508	0.101091	-0.784174	0.338234	-0.649607	0.320011	-0.459896	0.075575	-0.412549	0.179733	-0.618262	0.379414	
0.459700	-0.050823	0.440969	-0.726557	0.497338	-1.089387	0.432823	-1.151105	0.581056	-0.885639	0.524348	-1.295150	0.571682	-1.296239	0.332252	-1.417121	0.425218	-1.497907	0.726067	-1.425461	0.826164	-1.160649	0.912464	-1.507793	1.011607	-1.290722	1.057997	-1.323049	1.405675	-1.243509	1.449224	-1.187568	1.462591	-1.175164	1.529074	-1.417139	1.557442	-1.388655	1.439040	-1.004312	1.579428	-1.050066	1.440788	-0.919322	1.704827	-1.137907	1.731348	-1.209158	1.485284	-0.820926	1.598724	-0.837577	1.472954	-0.706415	1.758131	-0.741367	1.433761	-0.445437	1.610364	-0.376425	1.626499	-0.318351	1.655313	-0.333641	1.555069	-0.257991	1.334871	-0.282460	1.380138	-0.224124	1.188329	-0.129575	1.062335	-0.368010	0.926440	-0.350941	0.734347	-0.103888	0.686297	-0.209559	0.894928	-0.411579	
-0.133098	0.016993	-0.210089	0.471169	-0.184369	0.734426	-0.143331	0.773665	-0.237629	0.604898	-0.201492	0.865291	-0.231591	0.865990	-0.079301	0.942813	-0.138397	0.994231	-0.329794	0.948258	-0.393580	0.779725	-0.448484	1.000806	-0.511614	0.862509	-0.541129	0.883132	-0.767330	0.830500	-0.796591	0.793053	-0.805649	0.784668	-0.850011	0.946735	-0.869322	0.927982	-0.789796	0.668501	-0.885253	0.699541	-0.790753	0.610541	-0.970546	0.759403	-0.988554	0.807927	-0.820926	0.543388	-0.898581	0.554660	-0.812341	0.464800	-1.007984	0.488744	-0.785440	0.285356	-0.906807	0.237934	-0.917901	0.198040	-0.937717	0.208538	-0.868795	0.156626	-0.717681	0.173244	-0.748727	0.133592	-0.618922	0.069940	-0.534571	0.229648	-0.443937	0.217378	-0.316011	0.052690	-0.284122	0.122957	-0.422824	0.257467	
0.475860	-0.052614	0.467854	-0.795489	0.519328	-1.196196	0.448974	-1.263494	0.610609	-0.974036	0.548772	-1.420576	0.600388	-1.421763	0.339291	-1.553575	0.440662	-1.641685	0.768764	-1.562709	0.877957	-1.273873	0.972088	-1.652545	1.080232	-1.415740	1.130831	-1.451012	1.511234	-1.363769	1.559099	-1.302315	1.573808	-1.288670	1.646817	-1.554511	1.678055	-1.523292	1.547913	-1.100571	1.702474	-1.150926	1.549789	-1.006966	1.840545	-1.247663	1.869729	-1.326121	1.598724	-0.898581	1.723763	-0.916899	1.585241	-0.772446	1.899311	-0.810961	1.542348	-0.485333	1.736441	-0.409505	1.754150	-0.345692	1.785817	-0.362491	1.675632	-0.279396	1.433728	-0.306247	1.483455	-0.242253	1.273147	-0.138658	1.135140	-0.399793	0.986369	-0.380973	0.776172	-0.110551	0.723593	-0.226150	0.951857	-0.447268	
