0.469392	-0.058799	0.516666	-0.068147	0.508296	-0.086531	0.549271	-0.111019	0.543806	-0.121245	0.572341	-0.114241	0.593690	-0.074049	0.618449	-0.100293	0.626394	-0.090313	0.635527	-0.128899	0.656905	-0.096268	0.669388	-0.106840	0.666547	-0.116984	0.674429	-0.109537	0.641773	-0.175295	0.692953	-0.181834	0.664197	-0.198996	0.643806	-0.195915	0.635690	-0.213561	0.635265	-0.228857	0.660508	-0.237222	0.682978	-0.253125	0.639511	-0.259569	0.636893	-0.262044	0.628970	-0.272010	0.687704	-0.265996	0.676721	-0.293708	0.656226	-0.298223	0.650996	-0.303153	0.658276	-0.316079	0.569915	-0.285655	0.562375	-0.280338	0.587047	-0.219837	0.561008	-0.236992	0.532270	-0.259139	0.526240	-0.200251	0.510738	-0.207504	0.519045	-0.179605	0.492684	-0.214657	0.493188	-0.196786	0.479014	-0.247441	0.490831	-0.280929	0.483181	-0.280718	0.468532	-0.257352	0.515757	-0.302048	0.466952	-0.313435	0.452014	-0.300259	0.546020	-0.315667	0.603968	-0.164040	
-0.058799	0.009572	-0.064707	0.010740	-0.063661	0.013038	-0.068782	0.016098	-0.068099	0.017377	-0.071666	0.016501	-0.074334	0.011478	-0.077429	0.014758	-0.078422	0.013511	-0.079563	0.018333	-0.082235	0.014255	-0.083795	0.015576	-0.083440	0.016844	-0.084425	0.015913	-0.080344	0.024132	-0.086740	0.024949	-0.083146	0.027094	-0.080598	0.026709	-0.079583	0.028915	-0.079530	0.030826	-0.082685	0.031872	-0.085494	0.033859	-0.080061	0.034665	-0.079734	0.034974	-0.078744	0.036220	-0.086084	0.035468	-0.084712	0.038932	-0.082150	0.039496	-0.081496	0.040112	-0.082406	0.041728	-0.071363	0.037925	-0.070420	0.037261	-0.073504	0.029699	-0.070249	0.031843	-0.066657	0.034611	-0.065904	0.027251	-0.063966	0.028158	-0.065005	0.024671	-0.061710	0.029052	-0.061773	0.026818	-0.060001	0.033149	-0.061478	0.037335	-0.060522	0.037308	-0.058691	0.034388	-0.064594	0.039974	-0.058494	0.041397	-0.056627	0.039750	-0.068376	0.041676	-0.075619	0.022725	
0.516666	-0.064707	0.634847	-0.088040	0.613971	-0.133715	0.716156	-0.194912	0.702519	-0.220417	0.773716	-0.202931	0.826961	-0.102666	0.888729	-0.168143	0.908551	-0.143245	0.931333	-0.239504	0.984665	-0.158100	1.015805	-0.184473	1.008717	-0.209779	1.028381	-0.191201	0.946917	-0.355244	1.074590	-0.371554	1.002854	-0.414366	0.951989	-0.406681	0.931742	-0.450701	0.930680	-0.488858	0.993653	-0.509724	1.049706	-0.549397	0.941272	-0.565472	0.934743	-0.571647	0.914978	-0.596508	1.061497	-0.581505	1.034097	-0.650636	0.982970	-0.661900	0.969924	-0.674198	0.988084	-0.706443	0.767659	-0.630546	0.748850	-0.617282	0.810396	-0.466357	0.745439	-0.509153	0.673749	-0.564399	0.658706	-0.417498	0.620037	-0.435590	0.640763	-0.365995	0.574998	-0.453434	0.576256	-0.408854	0.540898	-0.535217	0.570375	-0.618758	0.551291	-0.618230	0.514749	-0.559941	0.632556	-0.671440	0.510807	-0.699845	0.473543	-0.666977	0.708051	-0.705415	0.852603	-0.327171	
-0.068147	0.010740	-0.088040	0.014793	-0.084544	0.022417	-0.101642	0.032655	-0.099360	0.036923	-0.111271	0.033998	-0.120179	0.017224	-0.130512	0.028178	-0.133828	0.024013	-0.137640	0.040116	-0.146562	0.026498	-0.151771	0.030910	-0.150585	0.035143	-0.153875	0.032035	-0.140247	0.059479	-0.161606	0.062207	-0.149604	0.069370	-0.141095	0.068084	-0.137708	0.075448	-0.137530	0.081832	-0.148065	0.085323	-0.157443	0.091960	-0.139302	0.094649	-0.138210	0.095682	-0.134903	0.099841	-0.159415	0.097331	-0.154831	0.108896	-0.146278	0.110781	-0.144096	0.112838	-0.147134	0.118233	-0.110258	0.105535	-0.107111	0.103316	-0.117407	0.078068	-0.106540	0.085227	-0.094547	0.094469	-0.092031	0.069894	-0.085561	0.072920	-0.089029	0.061277	-0.078027	0.075906	-0.078237	0.068448	-0.072322	0.089587	-0.077253	0.103563	-0.074061	0.103475	-0.067947	0.093724	-0.087656	0.112377	-0.067288	0.117129	-0.061054	0.111630	-0.100286	0.118061	-0.124469	0.054782	
0.508296	-0.063661	0.613971	-0.084544	0.595403	-0.125431	0.686647	-0.180076	0.674464	-0.202861	0.738058	-0.187237	0.785612	-0.097689	0.840778	-0.156169	0.858481	-0.133931	0.878829	-0.219902	0.926461	-0.147199	0.954272	-0.170753	0.947942	-0.193354	0.965504	-0.176761	0.892746	-0.323273	1.006775	-0.337840	0.942705	-0.376077	0.897276	-0.369214	0.879193	-0.408529	0.878244	-0.442608	0.934487	-0.461245	0.984550	-0.496678	0.887704	-0.511035	0.881873	-0.516550	0.864220	-0.538754	0.995081	-0.525355	0.970609	-0.587098	0.924946	-0.597158	0.913294	-0.608142	0.929514	-0.636941	0.732645	-0.569155	0.715847	-0.557308	0.770815	-0.422512	0.712800	-0.460734	0.648772	-0.510076	0.635337	-0.378875	0.600800	-0.395034	0.619313	-0.332877	0.560575	-0.410970	0.561699	-0.371155	0.530119	-0.484013	0.556446	-0.558626	0.539401	-0.558155	0.506765	-0.506095	0.611981	-0.605678	0.503243	-0.631047	0.469962	-0.601691	0.679408	-0.636022	0.808510	-0.298203	
-0.086531	0.013038	-0.133715	0.022417	-0.125431	0.040683	-0.166153	0.065056	-0.160717	0.075225	-0.189094	0.068254	-0.210317	0.028292	-0.234935	0.054388	-0.242835	0.044465	-0.251915	0.082830	-0.273171	0.050386	-0.285582	0.060897	-0.282757	0.070983	-0.290595	0.063578	-0.258126	0.128960	-0.309012	0.135461	-0.280420	0.152524	-0.260147	0.149461	-0.252078	0.167006	-0.251654	0.182214	-0.276753	0.190531	-0.299094	0.206343	-0.255876	0.212750	-0.253274	0.215211	-0.245396	0.225120	-0.303794	0.219140	-0.292873	0.246694	-0.272495	0.251183	-0.267296	0.256085	-0.274534	0.268937	-0.186679	0.238687	-0.179183	0.233400	-0.203713	0.173246	-0.177824	0.190303	-0.149251	0.212322	-0.143255	0.153773	-0.127843	0.160984	-0.136104	0.133246	-0.109892	0.168096	-0.110393	0.150328	-0.096301	0.200691	-0.108049	0.233988	-0.100443	0.233778	-0.085879	0.210546	-0.132832	0.254985	-0.084307	0.266307	-0.069455	0.253206	-0.162922	0.268527	-0.220535	0.117772	
0.549271	-0.068782	0.716156	-0.101642	0.686647	-0.166153	0.831799	-0.253101	0.812399	-0.289326	0.913488	-0.264507	0.989094	-0.122152	1.076787	-0.215109	1.104928	-0.179761	1.137275	-0.316427	1.212994	-0.200853	1.257206	-0.238297	1.247143	-0.274225	1.275061	-0.247848	1.159398	-0.480756	1.340671	-0.503913	1.238819	-0.564699	1.166600	-0.553789	1.137855	-0.616288	1.136347	-0.670462	1.225755	-0.700089	1.305338	-0.756416	1.151386	-0.779238	1.142115	-0.788006	1.114053	-0.823303	1.322079	-0.802002	1.283177	-0.900153	1.210588	-0.916146	1.192065	-0.933607	1.217849	-0.979388	0.904891	-0.871630	0.878188	-0.852798	0.965569	-0.638517	0.873345	-0.699277	0.771560	-0.777715	0.750203	-0.569147	0.695300	-0.594835	0.724726	-0.496025	0.631356	-0.620169	0.633142	-0.556875	0.582940	-0.736282	0.624792	-0.854893	0.597696	-0.854144	0.545815	-0.771386	0.713075	-0.929691	0.540217	-0.970020	0.487311	-0.923353	0.820262	-0.977928	1.025496	-0.440901	
-0.111019	0.016098	-0.194912	0.032655	-0.180076	0.065056	-0.253101	0.108950	-0.243352	0.127147	-0.294236	0.114651	-0.332263	0.043008	-0.376403	0.089803	-0.390569	0.072010	-0.406849	0.140797	-0.444959	0.082625	-0.467212	0.101471	-0.462147	0.119554	-0.476199	0.106278	-0.417989	0.223498	-0.509213	0.235151	-0.457956	0.265741	-0.421612	0.260249	-0.407146	0.291702	-0.406387	0.318966	-0.451382	0.333876	-0.491434	0.362224	-0.413955	0.373709	-0.409290	0.378122	-0.395167	0.395885	-0.499859	0.385165	-0.480281	0.434561	-0.443749	0.442610	-0.434428	0.451397	-0.447404	0.474437	-0.289903	0.420207	-0.276464	0.410730	-0.320440	0.302889	-0.274026	0.333468	-0.222802	0.372943	-0.212052	0.267977	-0.184422	0.280905	-0.199234	0.231177	-0.152241	0.293655	-0.153140	0.261801	-0.127875	0.352091	-0.148938	0.411784	-0.135301	0.411407	-0.109191	0.369757	-0.193368	0.449427	-0.106374	0.469724	-0.079748	0.446238	-0.247312	0.473703	-0.350598	0.203437	
0.543806	-0.068099	0.702519	-0.099360	0.674464	-0.160717	0.812399	-0.243352	0.794033	-0.277784	0.890052	-0.254189	0.961911	-0.118914	1.045245	-0.207248	1.071986	-0.173657	1.102723	-0.303523	1.174674	-0.193699	1.216687	-0.229281	1.207124	-0.263421	1.233654	-0.238356	1.123747	-0.459673	1.295997	-0.481678	1.199215	-0.539439	1.130590	-0.529071	1.103274	-0.588460	1.101841	-0.639940	1.186802	-0.668093	1.262426	-0.721618	1.116131	-0.743306	1.107322	-0.751637	1.080655	-0.785179	1.278335	-0.764937	1.241368	-0.858206	1.172389	-0.873403	1.154788	-0.889996	1.179289	-0.933500	0.881896	-0.831103	0.856520	-0.813207	0.939557	-0.609583	0.851918	-0.667322	0.755194	-0.741858	0.734899	-0.543662	0.682727	-0.568073	0.710684	-0.474173	0.621962	-0.592148	0.623659	-0.532001	0.575955	-0.702487	0.615725	-0.815198	0.589977	-0.814487	0.540676	-0.735844	0.699617	-0.886276	0.535356	-0.924600	0.485081	-0.880254	0.801474	-0.932115	0.996505	-0.421790	
-0.121245	0.017377	-0.220417	0.036923	-0.202861	0.075225	-0.289326	0.127147	-0.277784	0.148770	-0.338047	0.133939	-0.383126	0.049071	-0.435408	0.104495	-0.452185	0.083419	-0.471465	0.164890	-0.516604	0.095991	-0.542960	0.118312	-0.536961	0.139730	-0.553604	0.124006	-0.484652	0.262852	-0.592716	0.276656	-0.531998	0.312894	-0.488944	0.306389	-0.471806	0.343648	-0.470908	0.375945	-0.524209	0.393607	-0.571654	0.427187	-0.479873	0.440793	-0.474347	0.446020	-0.457617	0.467063	-0.581634	0.454364	-0.558442	0.512878	-0.515167	0.522412	-0.504125	0.532822	-0.519496	0.560115	-0.332923	0.495873	-0.317004	0.484647	-0.369096	0.356900	-0.314117	0.393123	-0.253439	0.439884	-0.240706	0.315546	-0.207976	0.330859	-0.225524	0.271956	-0.169855	0.345962	-0.170920	0.308229	-0.140991	0.415184	-0.165942	0.485895	-0.149788	0.485448	-0.118859	0.436111	-0.218572	0.530486	-0.115522	0.554529	-0.083981	0.526708	-0.282472	0.559243	-0.404816	0.239099	
0.572341	-0.071666	0.773716	-0.111271	0.738058	-0.189094	0.913488	-0.294236	0.890052	-0.338047	1.012608	-0.308020	1.104106	-0.135606	1.210327	-0.248201	1.244411	-0.205390	1.283599	-0.370933	1.375319	-0.230940	1.428874	-0.276296	1.416684	-0.319815	1.450502	-0.287864	1.310390	-0.569999	1.529984	-0.598051	1.406600	-0.671687	1.319117	-0.658473	1.284296	-0.734181	1.282470	-0.799804	1.390774	-0.835692	1.487175	-0.903923	1.300687	-0.931569	1.289458	-0.942189	1.255465	-0.984946	1.507454	-0.959143	1.460331	-1.078037	1.372401	-1.097409	1.349964	-1.118560	1.381196	-1.174016	1.002103	-1.043485	0.969757	-1.020674	1.075602	-0.761108	0.963891	-0.834707	0.840599	-0.929721	0.814728	-0.677085	0.748224	-0.708197	0.783879	-0.588510	0.670767	-0.738883	0.672931	-0.662215	0.612120	-0.879534	0.662816	-1.023210	0.629994	-1.022303	0.567149	-0.922055	0.769755	-1.113813	0.560369	-1.162665	0.496282	-1.106137	0.899592	-1.172244	1.148186	-0.521745	
-0.114241	0.016501	-0.202931	0.033998	-0.187237	0.068254	-0.264507	0.114651	-0.254189	0.133939	-0.308020	0.120789	-0.348320	0.044886	-0.395051	0.094423	-0.410043	0.075593	-0.427279	0.148401	-0.467620	0.086830	-0.491173	0.106775	-0.485812	0.125916	-0.500685	0.111863	-0.439068	0.235942	-0.535635	0.248278	-0.481377	0.280660	-0.442903	0.274846	-0.427587	0.308143	-0.426784	0.337005	-0.474418	0.352789	-0.516817	0.382799	-0.434796	0.394958	-0.429857	0.399629	-0.414906	0.418434	-0.525737	0.407086	-0.505011	0.459378	-0.466337	0.467898	-0.456469	0.477201	-0.470206	0.501592	-0.303470	0.444182	-0.289243	0.434149	-0.335798	0.319985	-0.286663	0.352357	-0.232434	0.394147	-0.221054	0.283026	-0.191804	0.296712	-0.207486	0.244068	-0.157736	0.310210	-0.158687	0.276488	-0.131941	0.372072	-0.154239	0.435265	-0.139803	0.434866	-0.112162	0.390775	-0.201274	0.475116	-0.109179	0.496603	-0.080992	0.471740	-0.258381	0.500815	-0.367724	0.214701	
0.593690	-0.074334	0.826961	-0.120179	0.785612	-0.210317	0.989094	-0.332263	0.961911	-0.383126	1.104106	-0.348320	1.211633	-0.147262	1.335209	-0.278395	1.374909	-0.228516	1.420374	-0.421019	1.527057	-0.258194	1.589315	-0.310922	1.575141	-0.361522	1.614461	-0.324381	1.451444	-0.652534	1.706949	-0.685162	1.563393	-0.770849	1.461567	-0.755456	1.421008	-0.843590	1.418878	-0.919997	1.544976	-0.961778	1.657216	-1.041217	1.440090	-1.073407	1.427016	-1.085772	1.387438	-1.135553	1.680826	-1.105510	1.625960	-1.243937	1.523584	-1.266491	1.497462	-1.291117	1.533825	-1.355683	1.092460	-1.203701	1.054803	-1.177143	1.178008	-0.874933	1.047968	-0.960621	0.904449	-1.071241	0.874321	-0.777128	0.796901	-0.813330	0.838537	-0.674045	0.706720	-0.849057	0.709244	-0.759802	0.638438	-1.012809	0.697462	-1.180087	0.659249	-1.179031	0.586080	-1.062315	0.821967	-1.285572	0.578186	-1.342450	0.503572	-1.276636	0.973128	-1.353599	1.262421	-0.596414	
-0.074049	0.011478	-0.102666	0.017224	-0.097689	0.028292	-0.122152	0.043008	-0.118914	0.049071	-0.135606	0.044886	-0.147262	0.022489	-0.161298	0.037202	-0.165778	0.031570	-0.171080	0.053664	-0.183298	0.035016	-0.190468	0.041102	-0.188843	0.046909	-0.193361	0.042637	-0.174630	0.080360	-0.204058	0.084132	-0.187524	0.093990	-0.175841	0.092252	-0.171227	0.102344	-0.170989	0.111073	-0.185399	0.115850	-0.198224	0.124930	-0.173411	0.128607	-0.171917	0.130020	-0.167394	0.135709	-0.200924	0.132276	-0.194654	0.148096	-0.182954	0.150673	-0.179968	0.153488	-0.184124	0.160867	-0.133687	0.143500	-0.129385	0.140464	-0.143485	0.105940	-0.128610	0.115727	-0.112195	0.128369	-0.108772	0.094758	-0.099916	0.098909	-0.104526	0.082950	-0.089612	0.102986	-0.089900	0.092785	-0.081811	0.121695	-0.088554	0.140806	-0.084189	0.140685	-0.075830	0.127351	-0.102776	0.152856	-0.074929	0.159349	-0.066406	0.151832	-0.120046	0.160630	-0.153226	0.073968	
0.618449	-0.077429	0.888729	-0.130512	0.840778	-0.234935	1.076787	-0.376403	1.045245	-0.435408	1.210327	-0.395051	1.335209	-0.161298	1.479621	-0.313605	1.525439	-0.255728	1.578278	-0.479558	1.702211	-0.290254	1.774581	-0.351554	1.758107	-0.410369	1.803812	-0.367202	1.614407	-0.748470	1.911201	-0.786368	1.744450	-0.885910	1.626132	-0.867999	1.578975	-0.970424	1.576496	-1.059236	1.723063	-1.107800	1.853526	-1.200135	1.601151	-1.237550	1.585955	-1.251923	1.539952	-1.309785	1.880968	-1.274866	1.817195	-1.435765	1.698200	-1.461981	1.667837	-1.490605	1.710103	-1.565653	1.197072	-1.389002	1.153296	-1.358132	1.296507	-1.006844	1.145348	-1.106454	0.978518	-1.235037	0.943479	-0.893143	0.853492	-0.935228	0.901951	-0.773319	0.748666	-0.976765	0.751597	-0.873010	0.669297	-1.167112	0.737906	-1.361557	0.693486	-1.360330	0.608434	-1.224659	0.882634	-1.484177	0.599257	-1.550297	0.512523	-1.473791	1.058350	-1.563252	1.394598	-0.683125	
-0.100293	0.014758	-0.168143	0.028178	-0.156169	0.054388	-0.215109	0.089803	-0.207248	0.104495	-0.248201	0.094423	-0.278395	0.037202	-0.313605	0.074871	-0.325081	0.060449	-0.338147	0.115633	-0.368754	0.068971	-0.386609	0.084092	-0.382545	0.098600	-0.393820	0.087947	-0.347140	0.182003	-0.420295	0.191353	-0.379189	0.215881	-0.350056	0.211481	-0.338470	0.236689	-0.337863	0.258537	-0.373920	0.270486	-0.406015	0.293203	-0.343927	0.302407	-0.340188	0.305942	-0.328871	0.320178	-0.412767	0.311587	-0.397079	0.351172	-0.367803	0.357622	-0.360333	0.364664	-0.370732	0.383127	-0.244508	0.339674	-0.233736	0.332078	-0.268994	0.245656	-0.231784	0.270164	-0.190717	0.301801	-0.182104	0.217663	-0.159957	0.228036	-0.171768	0.188148	-0.134166	0.238256	-0.134883	0.212722	-0.114639	0.285090	-0.131519	0.332928	-0.120591	0.332627	-0.099665	0.299248	-0.167127	0.363098	-0.097407	0.379365	-0.076068	0.360542	-0.210363	0.382555	-0.293209	0.165868	
0.626394	-0.078422	0.908551	-0.133828	0.858481	-0.242835	1.104928	-0.390569	1.071986	-0.452185	1.244411	-0.410043	1.374909	-0.165778	1.525439	-0.325081	1.574017	-0.264357	1.628807	-0.498280	1.758399	-0.300469	1.833989	-0.364489	1.816775	-0.425939	1.864530	-0.380843	1.666644	-0.779254	1.976692	-0.818841	1.802488	-0.922828	1.678885	-0.904109	1.629618	-1.011111	1.627027	-1.103897	1.780150	-1.154633	1.916449	-1.251098	1.652785	-1.290187	1.636909	-1.305203	1.588848	-1.365653	1.945118	-1.329172	1.878493	-1.497268	1.754175	-1.524656	1.722454	-1.554561	1.766611	-1.632966	1.230626	-1.448416	1.184889	-1.416164	1.334509	-1.049157	1.176584	-1.153227	1.002287	-1.287563	0.965674	-0.930361	0.871661	-0.974332	0.922301	-0.805172	0.762144	-1.017731	0.765204	-0.909331	0.679223	-1.216597	0.750902	-1.419744	0.704495	-1.418462	0.615637	-1.276720	0.902109	-1.547853	0.606048	-1.616933	0.515431	-1.537003	1.085692	-1.630467	1.436986	-0.710949	
-0.090313	0.013511	-0.143245	0.024013	-0.133931	0.044465	-0.179761	0.072010	-0.173657	0.083419	-0.205390	0.075593	-0.228516	0.031570	-0.255728	0.060449	-0.264357	0.049640	-0.274609	0.092095	-0.298191	0.056142	-0.311966	0.067808	-0.308832	0.078998	-0.317524	0.070777	-0.281497	0.143341	-0.338007	0.150569	-0.306256	0.169513	-0.283766	0.166128	-0.274834	0.185583	-0.274367	0.202436	-0.302183	0.211655	-0.326943	0.229180	-0.279045	0.236280	-0.276160	0.239008	-0.267430	0.249989	-0.332152	0.243362	-0.320049	0.273900	-0.297464	0.278875	-0.291702	0.284308	-0.299723	0.298552	-0.202353	0.265029	-0.194044	0.259169	-0.221247	0.192506	-0.192541	0.211409	-0.160860	0.235814	-0.154224	0.170915	-0.137137	0.178918	-0.146204	0.148142	-0.117243	0.186799	-0.117796	0.167103	-0.102180	0.222925	-0.115201	0.259826	-0.106771	0.259592	-0.090630	0.233846	-0.142666	0.283096	-0.088889	0.295641	-0.072429	0.281124	-0.176015	0.298105	-0.239953	0.130923	
0.635527	-0.079563	0.931333	-0.137640	0.878829	-0.251915	1.137275	-0.406849	1.102723	-0.471465	1.283599	-0.427279	1.420374	-0.171080	1.578278	-0.338147	1.628807	-0.274609	1.687142	-0.520239	1.822838	-0.312498	1.902275	-0.379803	1.884196	-0.444376	1.934352	-0.396982	1.726789	-0.814817	2.051903	-0.856332	1.869246	-0.965382	1.739595	-0.945724	1.687892	-1.057978	1.685168	-1.155334	1.845830	-1.208569	1.988843	-1.309783	1.712195	-1.350797	1.695537	-1.366552	1.645109	-1.429980	2.018923	-1.391702	1.949017	-1.568076	1.818578	-1.596814	1.785294	-1.628191	1.831626	-1.710457	1.269226	-1.516830	1.221228	-1.482986	1.378237	-1.097890	1.212512	-1.207098	1.029605	-1.348056	0.991171	-0.973213	0.892526	-1.019366	0.945673	-0.841834	0.777608	-1.064913	0.780814	-0.951159	0.690602	-1.273589	0.765815	-1.486751	0.717119	-1.485406	0.623879	-1.336675	0.924482	-1.621183	0.613816	-1.693673	0.518728	-1.609799	1.117126	-1.707871	1.485772	-0.742968	
-0.128899	0.018333	-0.239504	0.040116	-0.219902	0.082830	-0.316427	0.140797	-0.303523	0.164890	-0.370933	0.148401	-0.421019	0.053664	-0.479558	0.115633	-0.498280	0.092095	-0.520239	0.183843	-0.570670	0.106252	-0.600350	0.131426	-0.593602	0.155554	-0.612329	0.137849	-0.535257	0.293216	-0.655767	0.308615	-0.588057	0.349042	-0.539978	0.341708	-0.520789	0.383351	-0.519774	0.419489	-0.579401	0.439250	-0.632485	0.476818	-0.529802	0.492038	-0.523619	0.497886	-0.504902	0.521429	-0.643651	0.507224	-0.617705	0.572689	-0.569289	0.583355	-0.556936	0.595003	-0.574133	0.625538	-0.365333	0.553698	-0.347495	0.541129	-0.405843	0.398155	-0.344259	0.438722	-0.276287	0.491061	-0.261988	0.351785	-0.225358	0.368975	-0.244997	0.302924	-0.182686	0.385906	-0.183859	0.343639	-0.150386	0.463403	-0.178313	0.542552	-0.160230	0.542054	-0.125608	0.486828	-0.237238	0.592482	-0.121867	0.619408	-0.086553	0.588257	-0.308796	0.624676	-0.445876	0.266124	
0.656905	-0.082235	0.984665	-0.146562	0.926461	-0.273171	1.212994	-0.444959	1.174674	-0.516604	1.375319	-0.467620	1.527057	-0.183298	1.702211	-0.368754	1.758399	-0.298191	1.822838	-0.570670	1.974045	-0.340306	2.062013	-0.414851	2.041942	-0.486453	2.097593	-0.433861	1.867252	-0.897760	2.227961	-0.943812	2.025283	-1.064800	1.881443	-1.042958	1.824071	-1.167504	1.821047	-1.275534	1.999319	-1.334605	2.158009	-1.446915	1.851036	-1.492423	1.832552	-1.509906	1.776596	-1.580287	2.191388	-1.537814	2.113819	-1.733522	1.969081	-1.765410	1.932149	-1.800228	1.983559	-1.891512	1.359485	-1.676670	1.306216	-1.639114	1.480458	-1.211781	1.296540	-1.332976	1.093554	-1.489395	1.050883	-1.073393	0.941421	-1.124628	1.000416	-0.927578	0.813896	-1.175182	0.817447	-1.048938	0.717349	-1.406754	0.800812	-1.643300	0.746774	-1.641808	0.643306	-1.476761	0.976890	-1.792485	0.632135	-1.872934	0.526614	-1.779854	1.190678	-1.888683	1.599799	-0.817872	
-0.096268	0.014255	-0.158100	0.026498	-0.147199	0.050386	-0.200853	0.082625	-0.193699	0.095991	-0.230940	0.086830	-0.258194	0.035016	-0.290254	0.068971	-0.300469	0.056142	-0.312498	0.106252	-0.340306	0.064067	-0.356486	0.077679	-0.352791	0.090854	-0.363026	0.081152	-0.320668	0.166488	-0.387056	0.174978	-0.349755	0.197237	-0.323315	0.193242	-0.312800	0.216121	-0.312249	0.235951	-0.344975	0.246797	-0.374107	0.267416	-0.317752	0.275770	-0.314359	0.278979	-0.304087	0.291900	-0.380236	0.284103	-0.365996	0.320032	-0.339424	0.325886	-0.332644	0.332279	-0.342082	0.349037	-0.227509	0.309600	-0.217729	0.302704	-0.249741	0.224260	-0.215958	0.246508	-0.178673	0.275226	-0.170853	0.198841	-0.150748	0.208264	-0.161447	0.172039	-0.127337	0.217542	-0.127986	0.194361	-0.109613	0.260056	-0.124935	0.303480	-0.115015	0.303206	-0.096021	0.272907	-0.157258	0.330867	-0.093971	0.345633	-0.074600	0.328546	-0.196507	0.348529	-0.271741	0.151795	
0.669388	-0.083795	1.015805	-0.151771	0.954272	-0.285582	1.257206	-0.467212	1.216687	-0.542960	1.428874	-0.491173	1.589315	-0.190468	1.774581	-0.386609	1.833989	-0.311966	1.902275	-0.600350	2.062013	-0.356486	2.155360	-0.435504	2.134050	-0.511299	2.192962	-0.455630	1.949351	-0.946267	2.330745	-0.994962	2.116450	-1.122894	1.964335	-1.099774	1.903644	-1.231497	1.900442	-1.345765	2.089005	-1.408246	2.256858	-1.527040	1.932161	-1.575175	1.912610	-1.593667	1.853424	-1.668111	2.292163	-1.623187	2.210116	-1.830195	2.057021	-1.863923	2.017958	-1.900752	2.072336	-1.997306	1.412213	-1.770070	1.355860	-1.730343	1.540180	-1.278322	1.345624	-1.406527	1.130894	-1.571983	1.085743	-1.131915	0.969959	-1.186123	1.032373	-0.977657	0.835064	-1.239607	0.838814	-1.106059	0.732941	-1.484563	0.821226	-1.734778	0.764065	-1.733200	0.654617	-1.558616	1.007483	-1.892588	0.642800	-1.977690	0.531179	-1.879228	1.233633	-1.994346	1.666423	-0.861615	
-0.106840	0.015576	-0.184473	0.030910	-0.170753	0.060897	-0.238297	0.101471	-0.229281	0.118312	-0.276296	0.106775	-0.310922	0.041102	-0.351554	0.084092	-0.364489	0.067808	-0.379803	0.131426	-0.414851	0.077679	-0.435504	0.095486	-0.430812	0.111984	-0.443815	0.099682	-0.390219	0.207587	-0.474113	0.218314	-0.426981	0.246451	-0.393535	0.241371	-0.380207	0.270328	-0.379504	0.295444	-0.420948	0.309179	-0.457843	0.335291	-0.386474	0.345870	-0.382176	0.349934	-0.369167	0.366297	-0.465604	0.356424	-0.447570	0.401925	-0.413919	0.409338	-0.405333	0.417434	-0.417285	0.438657	-0.272172	0.388721	-0.259778	0.379986	-0.300330	0.280626	-0.257532	0.308814	-0.210297	0.345188	-0.200374	0.248411	-0.174913	0.260355	-0.188509	0.214455	-0.145258	0.272115	-0.146076	0.242746	-0.122810	0.325969	-0.142218	0.380973	-0.129652	0.380626	-0.105592	0.342248	-0.183165	0.415668	-0.102994	0.434377	-0.078455	0.412731	-0.232889	0.438041	-0.328177	0.188843	
0.666547	-0.083440	1.008717	-0.150585	0.947942	-0.282757	1.247143	-0.462147	1.207124	-0.536961	1.416684	-0.485812	1.575141	-0.188843	1.758107	-0.382545	1.816775	-0.308832	1.884196	-0.593602	2.041942	-0.352791	2.134050	-0.430812	2.113141	-0.505660	2.171250	-0.450694	1.930667	-0.935231	2.307349	-0.983326	2.095704	-1.109675	1.945474	-1.086847	1.885537	-1.216936	1.882375	-1.329785	2.068596	-1.391490	2.234364	-1.508808	1.913701	-1.556346	1.894392	-1.574608	1.835942	-1.648127	2.269231	-1.603761	2.188203	-1.808197	2.037010	-1.841507	1.998431	-1.877878	2.052134	-1.973233	1.400214	-1.748818	1.344562	-1.709584	1.526589	-1.263181	1.334453	-1.389791	1.122395	-1.553191	1.077808	-1.118598	0.963462	-1.172130	1.025098	-0.966261	0.830244	-1.224947	0.833949	-1.093061	0.729390	-1.466859	0.816578	-1.713963	0.760127	-1.712405	0.652040	-1.539991	1.000518	-1.869811	0.640370	-1.953854	0.530136	-1.856617	1.223857	-1.970304	1.651263	-0.851659	
-0.116984	0.016844	-0.209779	0.035143	-0.193354	0.070983	-0.274225	0.119554	-0.263421	0.139730	-0.319815	0.125916	-0.361522	0.046909	-0.410369	0.098600	-0.425939	0.078998	-0.444376	0.155554	-0.486453	0.090854	-0.511299	0.111984	-0.505660	0.132485	-0.521320	0.117355	-0.456929	0.246994	-0.557634	0.259869	-0.501061	0.293648	-0.460891	0.287533	-0.444865	0.322321	-0.444018	0.352506	-0.493824	0.369012	-0.538164	0.400392	-0.452394	0.413106	-0.447230	0.417990	-0.431596	0.437655	-0.547491	0.425790	-0.525819	0.480472	-0.485378	0.489382	-0.475059	0.499111	-0.489423	0.524617	-0.315018	0.464609	-0.300119	0.454110	-0.348859	0.334690	-0.297418	0.368573	-0.240642	0.412290	-0.228704	0.295961	-0.198106	0.310320	-0.214481	0.255146	-0.162463	0.324460	-0.163444	0.289157	-0.135484	0.389189	-0.158810	0.455299	-0.143707	0.454882	-0.114789	0.408755	-0.208027	0.497002	-0.111664	0.519491	-0.082169	0.493473	-0.267796	0.523893	-0.382313	0.224387	
0.674429	-0.084425	1.028381	-0.153875	0.965504	-0.290595	1.275061	-0.476199	1.233654	-0.553604	1.450502	-0.500685	1.614461	-0.193361	1.803812	-0.393820	1.864530	-0.317524	1.934352	-0.612329	2.097593	-0.363026	2.192962	-0.443815	2.171250	-0.521320	2.231547	-0.464397	1.982503	-0.965854	2.372253	-1.015616	2.153263	-1.146354	1.997807	-1.122717	1.935776	-1.257338	1.932502	-1.374125	2.125220	-1.437983	2.296772	-1.559394	1.964920	-1.608591	1.944938	-1.627490	1.884448	-1.703575	2.332856	-1.657661	2.249001	-1.869230	2.092532	-1.903703	2.052607	-1.941343	2.108185	-2.040025	1.433506	-1.807785	1.375908	-1.767181	1.564297	-1.305192	1.365445	-1.436227	1.145975	-1.605332	1.099822	-1.155548	0.981485	-1.210956	1.045280	-0.997881	0.843615	-1.265622	0.847446	-1.129126	0.739240	-1.515983	0.829472	-1.771716	0.771050	-1.770104	0.659189	-1.591669	1.019838	-1.933009	0.647110	-2.019990	0.533025	-1.919355	1.250981	-2.037012	1.693327	-0.879280	
-0.109537	0.015913	-0.191201	0.032035	-0.176761	0.063578	-0.247848	0.106278	-0.238356	0.124006	-0.287864	0.111863	-0.324381	0.042637	-0.367202	0.087947	-0.380843	0.070777	-0.396982	0.137849	-0.433861	0.081152	-0.455630	0.099682	-0.450694	0.117355	-0.464397	0.104735	-0.407953	0.218062	-0.496309	0.229359	-0.446671	0.258995	-0.411439	0.253639	-0.397393	0.284146	-0.396652	0.310609	-0.440319	0.325080	-0.479192	0.352592	-0.403996	0.363738	-0.399468	0.368021	-0.385761	0.385262	-0.487369	0.374859	-0.468369	0.422800	-0.432913	0.430611	-0.423866	0.439141	-0.436460	0.461502	-0.283561	0.408889	-0.270502	0.399685	-0.313230	0.294994	-0.268135	0.324695	-0.218364	0.363021	-0.207906	0.261049	-0.181080	0.273634	-0.195415	0.225270	-0.149834	0.286027	-0.150695	0.255080	-0.126182	0.342770	-0.146631	0.400726	-0.133391	0.400361	-0.108039	0.359923	-0.189775	0.437284	-0.105301	0.456997	-0.079445	0.434189	-0.242169	0.460857	-0.342567	0.198290	
0.641773	-0.080344	0.946917	-0.140247	0.892746	-0.258126	1.159398	-0.417989	1.123747	-0.484652	1.310390	-0.439068	1.451444	-0.174630	1.614407	-0.347140	1.666644	-0.281497	1.726789	-0.535257	1.867252	-0.320668	1.949351	-0.390219	1.930667	-0.456929	1.982503	-0.407953	1.768640	-0.839355	2.103598	-0.882239	1.915355	-0.994664	1.781611	-0.974257	1.728189	-1.090149	1.725366	-1.190692	1.891281	-1.245663	2.038974	-1.350183	1.753276	-1.392541	1.736074	-1.408812	1.683997	-1.474313	2.070032	-1.434786	1.997840	-1.616926	1.863137	-1.646602	1.828766	-1.679006	1.876612	-1.763962	1.295799	-1.564014	1.246221	-1.529062	1.408380	-1.131358	1.237219	-1.244153	1.048306	-1.389725	1.008596	-1.002592	0.906727	-1.050258	0.961648	-0.866913	0.788044	-1.097302	0.791350	-0.979816	0.698191	-1.312816	0.775867	-1.532959	0.725576	-1.531570	0.629283	-1.377969	0.939733	-1.671797	0.618888	-1.746666	0.520684	-1.660042	1.138696	-1.761327	1.519405	-0.764843	
-0.175295	0.024132	-0.355244	0.059479	-0.323273	0.128960	-0.480756	0.223498	-0.459673	0.262852	-0.569999	0.235942	-0.652534	0.080360	-0.748470	0.182003	-0.779254	0.143341	-0.814817	0.293216	-0.897760	0.166488	-0.946267	0.207587	-0.935231	0.246994	-0.965854	0.218062	-0.839355	0.473289	-1.037316	0.498357	-0.926057	0.564725	-0.847204	0.552741	-0.815785	0.620972	-0.814122	0.680188	-0.911824	0.712573	-0.998806	0.774134	-0.830554	0.799070	-0.820423	0.808652	-0.789754	0.847231	-1.017107	0.823954	-0.974593	0.931226	-0.895259	0.948705	-0.875016	0.967792	-0.903195	1.017827	-0.561027	0.900123	-0.531785	0.879522	-0.627419	0.645209	-0.526471	0.711703	-0.415059	0.797480	-0.391590	0.569151	-0.331562	0.597355	-0.363803	0.489028	-0.261624	0.625125	-0.263537	0.555835	-0.208692	0.752142	-0.254461	0.881863	-0.224823	0.881047	-0.168080	0.790535	-0.351046	0.963705	-0.161944	1.007847	-0.104062	0.956784	-0.468341	1.016468	-0.693047	0.428732	
0.692953	-0.086740	1.074590	-0.161606	1.006775	-0.309012	1.340671	-0.509213	1.295997	-0.592716	1.529984	-0.535635	1.706949	-0.204058	1.911201	-0.420295	1.976692	-0.338007	2.051903	-0.655767	2.227961	-0.387056	2.330745	-0.474113	2.307349	-0.557634	2.372253	-0.496309	2.103598	-1.037316	2.524903	-1.091162	2.288058	-1.232343	2.120231	-1.206850	2.053374	-1.352122	2.049859	-1.478112	2.257767	-1.547006	2.442833	-1.677992	2.084830	-1.731061	2.063272	-1.751449	1.998013	-1.833532	2.481764	-1.784000	2.391302	-2.012244	2.222500	-2.049434	2.179428	-2.090041	2.239386	-2.196501	1.511540	-1.945952	1.449406	-1.902148	1.652635	-1.403743	1.438113	-1.545100	1.201356	-1.727535	1.151567	-1.242283	1.023898	-1.302070	1.092719	-1.072171	0.875162	-1.361048	0.879295	-1.213792	0.762558	-1.631143	0.859903	-1.907036	0.796875	-1.905296	0.676196	-1.712795	1.065276	-2.081043	0.663165	-2.174881	0.540088	-2.066313	1.314636	-2.193241	1.791868	-0.944202	
-0.181834	0.024949	-0.371554	0.062207	-0.337840	0.135461	-0.503913	0.235151	-0.481678	0.276656	-0.598051	0.248278	-0.685162	0.084132	-0.786368	0.191353	-0.818841	0.150569	-0.856332	0.308615	-0.943812	0.174978	-0.994962	0.218314	-0.983326	0.259869	-1.015616	0.229359	-0.882239	0.498357	-1.091162	0.525232	-0.973753	0.595124	-0.890537	0.582442	-0.857412	0.654458	-0.855666	0.716942	-0.958761	0.751112	-1.050538	0.816073	-0.873002	0.842383	-0.862310	0.852494	-0.829949	0.893202	-1.069848	0.868642	-1.024989	0.981832	-0.941277	1.000275	-0.919917	1.020415	-0.949651	1.073212	-0.588611	0.949008	-0.557759	0.927271	-0.658657	0.680031	-0.552150	0.750188	-0.434606	0.840696	-0.409848	0.599786	-0.346508	0.629540	-0.380543	0.515253	-0.272713	0.658838	-0.274735	0.585731	-0.216860	0.792859	-0.265153	0.929735	-0.233882	0.928874	-0.174008	0.833369	-0.367064	1.016090	-0.167535	1.062664	-0.106461	1.008786	-0.490824	1.071761	-0.727894	0.451642	
0.664197	-0.083146	1.002854	-0.149604	0.942705	-0.280420	1.238819	-0.457956	1.199215	-0.531998	1.406600	-0.481377	1.563393	-0.187524	1.744450	-0.379189	1.802488	-0.306256	1.869246	-0.588057	2.025283	-0.349755	2.116450	-0.426981	2.095704	-0.501061	2.153263	-0.446671	1.915355	-0.926057	2.288058	-0.973753	2.078783	-1.098736	1.930023	-1.076146	1.870710	-1.204923	1.867582	-1.316627	2.051914	-1.377708	2.216000	-1.493835	1.898591	-1.540891	1.879478	-1.558968	1.821620	-1.631742	2.250514	-1.587825	2.170308	-1.790187	2.020649	-1.823159	1.982461	-1.859161	2.035619	-1.953548	1.390327	-1.731401	1.335247	-1.692568	1.515408	-1.250703	1.325240	-1.376019	1.115355	-1.537757	1.071231	-1.107610	0.958048	-1.160585	1.019072	-0.956840	0.826187	-1.212859	0.829858	-1.082323	0.726356	-1.452305	0.812658	-1.696895	0.756782	-1.695353	0.649795	-1.524693	0.994723	-1.851153	0.638245	-1.934339	0.529135	-1.838093	1.215781	-1.950623	1.638794	-0.843420	
-0.198996	0.027094	-0.414366	0.069370	-0.376077	0.152524	-0.564699	0.265741	-0.539439	0.312894	-0.671687	0.280660	-0.770849	0.093990	-0.885910	0.215881	-0.922828	0.169513	-0.965382	0.349042	-1.064800	0.197237	-1.122894	0.246451	-1.109675	0.293648	-1.146354	0.258995	-0.994664	0.564725	-1.232343	0.595124	-1.098736	0.675366	-1.004126	0.660415	-0.966485	0.742302	-0.964512	0.813330	-1.081701	0.852174	-1.186023	0.926019	-0.984224	0.955924	-0.972072	0.967417	-0.935284	1.013691	-1.207972	0.985773	-1.156981	1.114433	-1.061828	1.135397	-1.037549	1.158290	-1.071347	1.218301	-0.660966	1.077113	-0.625900	1.052406	-0.740573	0.771371	-0.619520	0.851111	-0.485926	0.953990	-0.457788	0.680161	-0.385791	0.713978	-0.424495	0.584079	-0.301910	0.747279	-0.304212	0.664185	-0.238420	0.899615	-0.293315	1.055202	-0.257769	1.054223	-0.189711	0.945663	-0.409155	1.153357	-0.182354	1.206297	-0.112933	1.145056	-0.549826	1.216637	-0.819270	0.511782	
0.643806	-0.080598	0.951989	-0.141095	0.897276	-0.260147	1.166600	-0.421612	1.130590	-0.488944	1.319117	-0.442903	1.461567	-0.175841	1.626132	-0.350056	1.678885	-0.283766	1.739595	-0.539978	1.881443	-0.323315	1.964335	-0.393535	1.945474	-0.460891	1.997807	-0.411439	1.781611	-0.847204	2.120231	-0.890537	1.930023	-1.004126	1.795036	-0.983515	1.741008	-1.100568	1.738155	-1.202098	1.905697	-1.257611	2.054844	-1.363157	1.766339	-1.405932	1.748967	-1.422362	1.696380	-1.488507	2.086212	-1.448590	2.013308	-1.632522	1.877280	-1.662491	1.842571	-1.695214	1.890888	-1.781005	1.304349	-1.579101	1.254277	-1.543802	1.418051	-1.142177	1.245187	-1.256093	1.054392	-1.403101	1.014280	-1.012118	0.911405	-1.060270	0.966853	-0.875079	0.791551	-1.107785	0.794884	-0.989131	0.700814	-1.325430	0.779256	-1.547745	0.728468	-1.546343	0.631224	-1.391226	0.944743	-1.687958	0.620725	-1.763570	0.521550	-1.676088	1.145678	-1.778373	1.530194	-0.771984	
-0.195915	0.026709	-0.406681	0.068084	-0.369214	0.149461	-0.553789	0.260249	-0.529071	0.306389	-0.658473	0.274846	-0.755456	0.092252	-0.867999	0.211481	-0.904109	0.166128	-0.945724	0.341708	-1.042958	0.193242	-1.099774	0.241371	-1.086847	0.287533	-1.122717	0.253639	-0.974257	0.552741	-1.206850	0.582442	-1.076146	0.660415	-0.983515	0.646543	-0.946725	0.726514	-0.944787	0.795973	-1.059397	0.833959	-1.161419	0.906176	-0.964063	0.935421	-0.952178	0.946660	-0.916204	0.991914	-1.182889	0.964612	-1.133022	1.090440	-1.039962	1.110943	-1.016217	1.133332	-1.049271	1.192024	-0.647922	1.053953	-0.613627	1.029790	-0.725799	0.754947	-0.607396	0.832935	-0.476721	0.933550	-0.449192	0.665722	-0.378781	0.698809	-0.416608	0.571731	-0.296746	0.731383	-0.298990	0.650108	-0.234657	0.880370	-0.288343	1.032530	-0.253579	1.031573	-0.187020	0.925404	-0.401635	1.128528	-0.179823	1.180305	-0.111929	1.120410	-0.539215	1.190414	-0.802791	0.501004	
0.635690	-0.079583	0.931742	-0.137708	0.879193	-0.252078	1.137855	-0.407146	1.103274	-0.471806	1.284296	-0.427587	1.421008	-0.171227	1.578975	-0.338470	1.629618	-0.274834	1.687892	-0.520789	1.824071	-0.312800	1.903644	-0.380207	1.885537	-0.444865	1.935776	-0.397393	1.728189	-0.815785	2.053374	-0.857412	1.870710	-0.966485	1.741008	-0.946725	1.689361	-1.059039	1.686565	-1.156521	1.847364	-1.209819	1.990513	-1.311119	1.713605	-1.352172	1.696931	-1.367940	1.646459	-1.431427	2.020623	-1.393116	1.950653	-1.569655	1.820091	-1.598420	1.786777	-1.629829	1.833151	-1.712173	1.270130	-1.518400	1.222049	-1.484513	1.379278	-1.098984	1.213309	-1.208352	1.030135	-1.349467	0.991614	-0.974114	0.892862	-1.020353	0.946065	-0.842545	0.777807	-1.065973	0.781001	-0.952062	0.690707	-1.274905	0.766007	-1.488315	0.717253	-1.486970	0.623904	-1.338065	0.924871	-1.622919	0.613823	-1.695505	0.518617	-1.611524	1.117774	-1.709719	1.486941	-0.743563	
-0.213561	0.028915	-0.450701	0.075448	-0.408529	0.167006	-0.616288	0.291702	-0.588460	0.343648	-0.734181	0.308143	-0.843590	0.102344	-0.970424	0.236689	-1.011111	0.185583	-1.057978	0.383351	-1.167504	0.216121	-1.231497	0.270328	-1.216936	0.322321	-1.257338	0.284146	-1.090149	0.620972	-1.352122	0.654458	-1.204923	0.742302	-1.100568	0.726514	-1.059039	0.816851	-1.056877	0.895100	-1.186061	0.937908	-1.301051	1.019302	-1.078609	1.052268	-1.065214	1.064936	-1.024666	1.115941	-1.325244	1.085167	-1.269038	1.226987	-1.164152	1.250095	-1.137389	1.275328	-1.174644	1.341478	-0.722342	1.185838	-0.683709	1.158610	-0.810083	0.848873	-0.676689	0.936744	-0.529473	1.050130	-0.498474	0.748364	-0.419124	0.785623	-0.461799	0.642483	-0.326680	0.822319	-0.329220	0.730747	-0.256706	0.990205	-0.317206	1.161677	-0.278031	1.160598	-0.203026	1.040954	-0.444868	1.269848	-0.194919	1.328190	-0.118412	1.260699	-0.599888	1.339582	-0.896807	0.562817	
0.635265	-0.079530	0.930680	-0.137530	0.878244	-0.251654	1.136347	-0.406387	1.101841	-0.470908	1.282470	-0.426784	1.418878	-0.170989	1.576496	-0.337863	1.627027	-0.274367	1.685168	-0.519774	1.821047	-0.312249	1.900442	-0.379504	1.882375	-0.444018	1.932502	-0.396652	1.725366	-0.814122	2.049859	-0.855666	1.867582	-0.964512	1.738155	-0.944787	1.686565	-1.056877	1.683878	-1.154117	1.844292	-1.207307	1.987123	-1.308392	1.710829	-1.349349	1.694192	-1.365084	1.643828	-1.428430	2.017168	-1.390204	1.947356	-1.566353	1.817082	-1.595054	1.783841	-1.626394	1.830112	-1.708557	1.268332	-1.515212	1.220356	-1.481400	1.377232	-1.096714	1.211636	-1.205837	1.028863	-1.346646	0.990426	-0.972120	0.891891	-1.018256	0.944975	-0.840840	0.777088	-1.063773	0.780276	-0.950112	0.690177	-1.272247	0.765313	-1.485191	0.716665	-1.483849	0.623519	-1.335269	0.923830	-1.619502	0.613461	-1.691928	0.518463	-1.608131	1.116309	-1.706110	1.484665	-0.742074	
-0.228857	0.030826	-0.488858	0.081832	-0.442608	0.182214	-0.670462	0.318966	-0.639940	0.375945	-0.799804	0.337005	-0.919997	0.111073	-1.059236	0.258537	-1.103897	0.202436	-1.155334	0.419489	-1.275534	0.235951	-1.345765	0.295444	-1.329785	0.352506	-1.374125	0.310609	-1.190692	0.680188	-1.478112	0.716942	-1.316627	0.813330	-1.202098	0.795973	-1.156521	0.895100	-1.154117	0.981075	-1.295942	1.028051	-1.422185	1.117403	-1.177977	1.153600	-1.163272	1.167508	-1.118758	1.223501	-1.448742	1.189715	-1.387034	1.345409	-1.271888	1.370778	-1.242507	1.398478	-1.283407	1.471099	-0.786885	1.300219	-0.744482	1.270331	-0.883176	0.930305	-0.736763	1.026757	-0.575199	1.151224	-0.541190	0.820003	-0.454079	0.860881	-0.500971	0.703808	-0.352600	0.901156	-0.355400	0.800651	-0.275781	1.085447	-0.342195	1.273682	-0.299191	1.272497	-0.216854	1.141157	-0.482333	1.392421	-0.207957	1.456460	-0.123974	1.382376	-0.652493	1.468969	-0.978336	0.616388	
0.660508	-0.082685	0.993653	-0.148065	0.934487	-0.276753	1.225755	-0.451382	1.186802	-0.524209	1.390774	-0.474418	1.544976	-0.185399	1.723063	-0.373920	1.780150	-0.302183	1.845830	-0.579401	1.999319	-0.344975	2.089005	-0.420948	2.068596	-0.493824	2.125220	-0.440319	1.891281	-0.911824	2.257767	-0.958761	2.051914	-1.081701	1.905697	-1.059397	1.847364	-1.186061	1.844292	-1.295942	2.025664	-1.356023	2.187052	-1.470283	1.874796	-1.516561	1.855994	-1.534345	1.799076	-1.605939	2.221006	-1.562741	2.142106	-1.761815	1.994876	-1.794252	1.957309	-1.829669	2.009604	-1.922525	1.374799	-1.703976	1.320620	-1.665775	1.497846	-1.231097	1.310783	-1.354370	1.104321	-1.513477	1.060921	-1.090349	0.949581	-1.142451	1.009624	-0.942049	0.819866	-1.193870	0.823480	-1.065463	0.721659	-1.429417	0.806556	-1.670026	0.751589	-1.668509	0.646344	-1.500627	0.985656	-1.821770	0.634983	-1.903600	0.527650	-1.808923	1.203109	-1.919619	1.619206	-0.830489	
-0.237222	0.031872	-0.509724	0.085323	-0.461245	0.190531	-0.700089	0.333876	-0.668093	0.393607	-0.835692	0.352789	-0.961778	0.115850	-1.107800	0.270486	-1.154633	0.211655	-1.208569	0.439250	-1.334605	0.246797	-1.408246	0.309179	-1.391490	0.369012	-1.437983	0.325080	-1.245663	0.712573	-1.547006	0.751112	-1.377708	0.852174	-1.257611	0.833959	-1.209819	0.937908	-1.207307	1.028051	-1.356023	1.077407	-1.488423	1.171068	-1.232321	1.209030	-1.216900	1.223616	-1.170215	1.282337	-1.516273	1.246904	-1.451558	1.410181	-1.330805	1.436785	-1.299993	1.465834	-1.342885	1.541991	-0.822181	1.362774	-0.777717	1.331431	-0.923144	0.974837	-0.769616	1.075979	-0.600204	1.206510	-0.564548	0.859182	-0.473194	0.902037	-0.522392	0.737345	-0.366772	0.944268	-0.369715	0.838876	-0.286207	1.137531	-0.355858	1.334938	-0.310759	1.333694	-0.224410	1.195955	-0.502819	1.459457	-0.215081	1.526612	-0.127010	1.448921	-0.681260	1.539734	-1.022924	0.645683	
