0.337706	-0.044969	0.182706	-0.153744	0.275004	-0.173828	0.263639	-0.184121	0.290303	-0.139264	0.278690	-0.209268	0.286813	-0.209668	0.245159	-0.229325	0.260728	-0.243663	0.312856	-0.232674	0.331362	-0.187408	0.344663	-0.247725	0.362830	-0.210696	0.370713	-0.216486	0.428539	-0.205433	0.435386	-0.197017	0.437408	-0.195219	0.446740	-0.232655	0.451016	-0.228174	0.434521	-0.170165	0.454852	-0.177437	0.435279	-0.157896	0.472825	-0.190661	0.476417	-0.201099	0.442180	-0.143928	0.458302	-0.146785	0.441202	-0.127752	0.481052	-0.133759	0.437916	-0.092571	0.460898	-0.084331	0.463043	-0.076957	0.466716	-0.078991	0.453949	-0.069175	0.426052	-0.071385	0.431926	-0.064711	0.410434	-0.053891	0.396432	-0.078756	0.382532	-0.075819	0.363910	-0.050138	0.358876	-0.060444	0.379067	-0.081414	
-0.044969	0.008263	-0.024237	0.022813	-0.036582	0.025499	-0.035062	0.026876	-0.038629	0.020876	-0.037076	0.030240	-0.038162	0.030293	-0.032590	0.032923	-0.034673	0.034840	-0.041645	0.033371	-0.044121	0.027316	-0.045900	0.035384	-0.048330	0.030431	-0.049385	0.031205	-0.057119	0.029727	-0.058035	0.028601	-0.058306	0.028361	-0.059554	0.033368	-0.060126	0.032769	-0.057919	0.025009	-0.060639	0.025982	-0.058021	0.023368	-0.063043	0.027751	-0.063523	0.029147	-0.058944	0.021500	-0.061100	0.021882	-0.058813	0.019336	-0.064143	0.020140	-0.058373	0.014630	-0.061448	0.013528	-0.061734	0.012542	-0.062226	0.012814	-0.060518	0.011501	-0.056787	0.011797	-0.057572	0.010904	-0.054698	0.009457	-0.052825	0.012783	-0.050965	0.012390	-0.048475	0.008955	-0.047801	0.010333	-0.050502	0.013138	
0.182706	-0.024237	0.671817	-0.091399	0.259331	-0.277996	0.251944	-0.284421	0.268625	-0.256684	0.261375	-0.300874	0.266587	-0.301144	0.239450	-0.313575	0.249259	-0.323376	0.284244	-0.317258	0.297661	-0.285867	0.306568	-0.328462	0.319685	-0.302099	0.325178	-0.306361	0.379676	-0.293884	0.388818	-0.283218	0.391739	-0.280714	0.402900	-0.328851	0.409265	-0.324081	0.388252	-0.243707	0.418064	-0.254533	0.388956	-0.225207	0.444418	-0.274575	0.449609	-0.290244	0.399278	-0.204030	0.424085	-0.208539	0.397232	-0.178581	0.460211	-0.188565	0.390109	-0.119561	0.430746	-0.105337	0.434928	-0.092278	0.441349	-0.095987	0.419228	-0.077956	0.368999	-0.081657	0.379755	-0.068870	0.337525	-0.046263	0.307739	-0.097963	0.278242	-0.092231	0.239082	-0.037226	0.227995	-0.058999	0.270766	-0.104715	
-0.153744	0.022813	-0.091399	0.509373	-0.142288	0.658152	-0.105259	0.691429	-0.191488	0.546661	-0.153982	0.773488	-0.180391	0.774804	-0.044595	0.838532	-0.095045	0.885685	-0.265873	0.850796	-0.327418	0.701568	-0.370992	0.901159	-0.431312	0.778422	-0.457308	0.797749	-0.664185	0.755636	-0.691814	0.722275	-0.700241	0.714879	-0.736554	0.863899	-0.754611	0.847230	-0.688863	0.609304	-0.774377	0.639920	-0.691413	0.557062	-0.850005	0.696201	-0.865072	0.740497	-0.720544	0.497366	-0.789927	0.509633	-0.715348	0.426987	-0.889274	0.453454	-0.697462	0.268239	-0.804433	0.230034	-0.814947	0.195596	-0.831965	0.205210	-0.773081	0.158511	-0.641522	0.169049	-0.669434	0.135884	-0.560418	0.078825	-0.485349	0.211426	-0.409484	0.198443	-0.306159	0.057016	-0.277712	0.115181	-0.390732	0.231383	
0.275004	-0.036582	0.259331	-0.142288	0.289223	-0.211236	0.277673	-0.221692	0.305780	-0.175443	0.292794	-0.246922	0.300968	-0.247393	0.259125	-0.266954	0.274843	-0.281028	0.326074	-0.269618	0.343868	-0.226295	0.356415	-0.284005	0.373748	-0.248805	0.381220	-0.254319	0.438127	-0.243018	0.445518	-0.234057	0.447774	-0.232077	0.457493	-0.271923	0.462305	-0.267437	0.444701	-0.203745	0.467693	-0.211945	0.445323	-0.189659	0.488019	-0.227071	0.492074	-0.238982	0.453114	-0.173522	0.471921	-0.176803	0.451505	-0.154350	0.498996	-0.161500	0.445857	-0.110155	0.476211	-0.099247	0.479262	-0.089435	0.484087	-0.092181	0.467426	-0.078771	0.429731	-0.081944	0.437746	-0.072055	0.404794	-0.054506	0.381413	-0.095953	0.357377	-0.092555	0.324300	-0.047656	0.315177	-0.066379	0.351510	-0.103339	
-0.173828	0.025499	-0.277996	0.658152	-0.211236	1.019004	-0.155293	1.069315	-0.286995	0.849517	-0.228715	1.192953	-0.268536	1.195006	-0.063851	1.290872	-0.139965	1.361626	-0.396341	1.308686	-0.488343	1.085867	-0.553210	1.383893	-0.643255	1.200836	-0.682003	1.229675	-0.992641	1.166045	-1.034769	1.115292	-1.047681	1.103983	-1.102711	1.330685	-1.130410	1.305577	-1.030394	0.941926	-1.161643	0.988922	-1.034134	0.861573	-1.277716	1.075462	-1.300828	1.143544	-1.078853	0.769684	-1.185791	0.788577	-1.070521	0.660985	-1.339320	0.701933	-1.041719	0.414050	-1.209111	0.354288	-1.225711	0.300359	-1.252322	0.315443	-1.160320	0.242081	-0.953942	0.258670	-0.997779	0.206176	-0.824688	0.115090	-0.704528	0.327189	-0.582913	0.306798	-0.417418	0.080055	-0.371734	0.173141	-0.552852	0.359741	
0.263639	-0.035062	0.251944	-0.105259	0.277673	-0.155293	0.269948	-0.162486	0.289211	-0.130792	0.280097	-0.179451	0.285623	-0.179772	0.257355	-0.192987	0.267986	-0.202472	0.302532	-0.194733	0.314502	-0.165579	0.322945	-0.204407	0.334598	-0.180732	0.339623	-0.184439	0.377984	-0.176788	0.382996	-0.170712	0.384529	-0.169366	0.391118	-0.196372	0.394390	-0.193343	0.382437	-0.150090	0.398085	-0.155661	0.382844	-0.140495	0.411920	-0.165954	0.414682	-0.174061	0.388138	-0.129496	0.400965	-0.131724	0.387012	-0.116409	0.419447	-0.121274	0.383056	-0.086120	0.403924	-0.078608	0.406028	-0.071857	0.409345	-0.073746	0.397893	-0.064512	0.371938	-0.066719	0.377457	-0.059867	0.354580	-0.047659	0.338290	-0.076571	0.321489	-0.074277	0.298307	-0.042881	0.291918	-0.056021	0.317398	-0.081864	
-0.184121	0.026876	-0.284421	0.691429	-0.221692	1.069315	-0.162486	1.122836	-0.302054	0.889585	-0.240234	1.253757	-0.282447	1.255945	-0.065507	1.357543	-0.146227	1.432426	-0.417645	1.376173	-0.514897	1.140583	-0.583463	1.455629	-0.678627	1.262183	-0.719580	1.292651	-1.046930	1.225731	-1.091201	1.172379	-1.104764	1.160499	-1.162615	1.398768	-1.191701	1.372347	-1.086592	0.990283	-1.224458	1.039648	-1.090526	0.905884	-1.346378	1.130541	-1.370656	1.202049	-1.137493	0.809367	-1.249820	0.829208	-1.128726	0.695185	-1.411090	0.738191	-1.098396	0.435720	-1.274338	0.372897	-1.291790	0.316209	-1.319760	0.332065	-1.223063	0.254940	-1.006106	0.272401	-1.052192	0.217169	-0.870017	0.121268	-0.743466	0.344670	-0.615326	0.323285	-0.440906	0.084367	-0.392756	0.182489	-0.583664	0.379113	
0.290303	-0.038629	0.268625	-0.191488	0.305780	-0.286995	0.289211	-0.302054	0.331934	-0.234184	0.310910	-0.338183	0.322612	-0.338853	0.262730	-0.366834	0.285164	-0.387070	0.358648	-0.370772	0.384222	-0.308534	0.402249	-0.391453	0.427165	-0.340861	0.437905	-0.348788	0.519673	-0.332576	0.530270	-0.319730	0.533503	-0.316892	0.547438	-0.374034	0.554327	-0.367591	0.529105	-0.276335	0.562012	-0.288083	0.530013	-0.256185	0.591100	-0.309733	0.596901	-0.326779	0.541172	-0.233108	0.568060	-0.237810	0.538907	-0.205715	0.606744	-0.215948	0.530956	-0.142711	0.574150	-0.127206	0.578483	-0.113249	0.585349	-0.117155	0.561638	-0.098093	0.508049	-0.102577	0.519443	-0.088572	0.472831	-0.063780	0.439835	-0.122234	0.405980	-0.117346	0.359466	-0.054122	0.346632	-0.080427	0.397703	-0.132472	
-0.139264	0.020876	-0.256684	0.546661	-0.175443	0.849517	-0.130792	0.889585	-0.234184	0.715721	-0.189419	0.988499	-0.221232	0.990098	-0.057540	1.066799	-0.118290	1.123693	-0.324279	1.081842	-0.398691	0.901814	-0.451163	1.142815	-0.524056	0.994566	-0.555414	1.017948	-0.809997	0.965362	-0.844925	0.923338	-0.855647	0.913952	-0.901204	1.101802	-0.924243	1.081100	-0.841334	0.779313	-0.950345	0.818352	-0.844428	0.712560	-1.046766	0.890260	-1.065962	0.946826	-0.881591	0.636230	-0.970415	0.651936	-0.874725	0.545958	-1.097922	0.579993	-0.851065	0.341159	-0.989707	0.291692	-1.003436	0.247041	-1.025478	0.259529	-0.949264	0.198821	-0.778471	0.212477	-0.814743	0.169193	-0.672212	0.094307	-0.573559	0.268372	-0.473900	0.251321	-0.338444	0.065554	-0.301056	0.141690	-0.449227	0.294558	
0.278690	-0.037076	0.261375	-0.153982	0.292794	-0.228715	0.280097	-0.240234	0.310910	-0.189419	0.296920	-0.268187	0.305844	-0.268650	0.259605	-0.290255	0.276975	-0.305789	0.333538	-0.293181	0.353178	-0.245365	0.367026	-0.309061	0.386158	-0.270208	0.394406	-0.276295	0.457169	-0.263843	0.465308	-0.253975	0.467792	-0.251795	0.478497	-0.295679	0.483792	-0.290734	0.464409	-0.220618	0.489709	-0.229643	0.465098	-0.205121	0.512074	-0.246287	0.516535	-0.259392	0.473673	-0.187370	0.494359	-0.190981	0.471912	-0.166287	0.524132	-0.174153	0.465730	-0.117723	0.499065	-0.105748	0.502413	-0.094973	0.507711	-0.097988	0.489414	-0.083267	0.448030	-0.086745	0.456828	-0.075901	0.420708	-0.056673	0.395099	-0.102063	0.368786	-0.098320	0.332593	-0.049173	0.322610	-0.069654	0.362361	-0.110111	
-0.209268	0.030240	-0.300874	0.773488	-0.246922	1.192953	-0.179451	1.253757	-0.338183	0.988499	-0.268187	1.403072	-0.316218	1.405530	-0.069118	1.521210	-0.161144	1.606268	-0.469571	1.541858	-0.579727	1.274866	-0.657384	1.631762	-0.765134	1.412780	-0.811509	1.447250	-1.179933	1.372252	-1.229471	1.312515	-1.244635	1.299229	-1.309414	1.565917	-1.341904	1.536270	-1.224290	1.108975	-1.378409	1.164158	-1.228700	1.014638	-1.514690	1.265745	-1.541828	1.345669	-1.281192	0.906752	-1.406753	0.928924	-1.271358	0.779110	-1.587032	0.827170	-1.237286	0.488878	-1.434213	0.418545	-1.453761	0.355085	-1.485066	0.372837	-1.376846	0.286477	-1.133921	0.306073	-1.185528	0.244124	-0.981070	0.136412	-0.838840	0.387532	-0.694700	0.363705	-0.498399	0.094926	-0.444203	0.205395	-0.659110	0.426602	
0.286813	-0.038162	0.266587	-0.180391	0.300968	-0.268536	0.285623	-0.282447	0.322612	-0.221232	0.305844	-0.316218	0.316910	-0.316923	0.260794	-0.342998	0.281810	-0.361825	0.350325	-0.346566	0.374120	-0.288640	0.390895	-0.365807	0.414080	-0.318732	0.424073	-0.326108	0.500062	-0.311054	0.509898	-0.299129	0.512897	-0.296496	0.525833	-0.349534	0.532225	-0.343550	0.508814	-0.258864	0.539350	-0.269764	0.509656	-0.240166	0.566341	-0.289853	0.571724	-0.305669	0.520010	-0.218753	0.544960	-0.223115	0.517905	-0.193333	0.580857	-0.202827	0.510517	-0.134856	0.550614	-0.120461	0.554637	-0.107505	0.561010	-0.111130	0.538999	-0.093433	0.489248	-0.097600	0.499825	-0.084591	0.456523	-0.061556	0.425860	-0.115881	0.394391	-0.111351	0.351143	-0.052579	0.339212	-0.077041	0.386699	-0.125421	
-0.209668	0.030293	-0.301144	0.774804	-0.247393	1.195006	-0.179772	1.255945	-0.338853	0.990098	-0.268650	1.405530	-0.316923	1.408130	-0.069194	1.523993	-0.161428	1.609228	-0.470501	1.544652	-0.580862	1.277154	-0.658666	1.634723	-0.766619	1.415330	-0.813081	1.449865	-1.182178	1.374733	-1.231803	1.314889	-1.246994	1.301580	-1.311889	1.568743	-1.344437	1.539043	-1.226614	1.110987	-1.381006	1.166268	-1.231031	1.016482	-1.517529	1.268036	-1.544716	1.348103	-1.283616	0.908405	-1.409401	0.930616	-1.273764	0.780534	-1.590002	0.828681	-1.239628	0.489781	-1.436912	0.419321	-1.456496	0.355746	-1.487857	0.373530	-1.379441	0.287012	-1.136074	0.306644	-1.187775	0.244581	-0.982938	0.136667	-0.840440	0.388261	-0.696027	0.364392	-0.499352	0.095103	-0.445053	0.205783	-0.660370	0.427410	
0.245159	-0.032590	0.239450	-0.044595	0.259125	-0.063851	0.257355	-0.065507	0.262730	-0.057540	0.259605	-0.069118	0.260794	-0.069194	0.254924	-0.071901	0.257061	-0.073976	0.264277	-0.072262	0.266710	-0.066299	0.268439	-0.074218	0.270794	-0.069409	0.271813	-0.070158	0.279816	-0.068478	0.280934	-0.067122	0.281284	-0.066816	0.282752	-0.072810	0.283506	-0.072166	0.280797	-0.062357	0.284427	-0.063625	0.280851	-0.060111	0.287645	-0.066010	0.288291	-0.067894	0.282060	-0.057517	0.285101	-0.058021	0.281722	-0.054383	0.289528	-0.055509	0.280530	-0.046841	0.285882	-0.044880	0.286437	-0.043135	0.287289	-0.043622	0.284356	-0.041216	0.277598	-0.041847	0.279035	-0.039958	0.272626	-0.036480	0.267924	-0.044910	0.262945	-0.044423	0.255930	-0.035092	0.254009	-0.039110	0.261758	-0.046787	
-0.229325	0.032923	-0.313575	0.838532	-0.266954	1.290872	-0.192987	1.357543	-0.366834	1.066799	-0.290255	1.521210	-0.342998	1.523993	-0.071901	1.651003	-0.172998	1.743975	-0.510762	1.673088	-0.631163	1.381202	-0.716033	1.771268	-0.833764	1.532030	-0.884441	1.569676	-1.285420	1.488277	-1.339128	1.423483	-1.355559	1.409085	-1.425826	1.698278	-1.461012	1.666076	-1.333493	1.202965	-1.500479	1.262754	-1.338280	1.100761	-1.648130	1.372807	-1.677534	1.459394	-1.395144	0.983875	-1.531182	1.007891	-1.384465	0.845575	-1.726511	0.897636	-1.347428	0.530986	-1.560970	0.454706	-1.582176	0.385885	-1.616121	0.405137	-1.498777	0.311464	-1.235292	0.332753	-1.291270	0.265486	-1.069167	0.148421	-0.914521	0.421494	-0.757711	0.395735	-0.544077	0.103308	-0.485094	0.223557	-0.719010	0.464232	
0.260728	-0.034673	0.249259	-0.095045	0.274843	-0.139965	0.267986	-0.146227	0.285164	-0.118290	0.276975	-0.161144	0.281810	-0.161428	0.257061	-0.172998	0.266531	-0.181090	0.296483	-0.174415	0.306866	-0.149116	0.314195	-0.182800	0.324299	-0.162265	0.328657	-0.165480	0.361959	-0.158821	0.366321	-0.153531	0.367657	-0.152359	0.373395	-0.175864	0.376248	-0.173232	0.365831	-0.135551	0.379478	-0.140403	0.366178	-0.127180	0.391546	-0.149379	0.393956	-0.156449	0.370791	-0.117579	0.381989	-0.119519	0.369794	-0.106147	0.398133	-0.110387	0.366291	-0.079637	0.384584	-0.073044	0.386430	-0.067123	0.389338	-0.068779	0.379300	-0.060678	0.356528	-0.062627	0.361369	-0.056595	0.341214	-0.045831	0.326838	-0.071364	0.311987	-0.069373	0.291465	-0.041616	0.285813	-0.053255	0.308375	-0.076101	
-0.243663	0.034840	-0.323376	0.885685	-0.281028	1.361626	-0.202472	1.432426	-0.387070	1.123693	-0.305789	1.606268	-0.361825	1.609228	-0.073976	1.743975	-0.181090	1.843184	-0.539995	1.767535	-0.667790	1.457665	-0.757864	1.871706	-0.882809	1.617833	-0.936593	1.657773	-1.361074	1.571760	-1.417786	1.503321	-1.435131	1.488121	-1.509353	1.793537	-1.546481	1.759491	-1.411826	1.270573	-1.588080	1.333681	-1.416886	1.162702	-1.743921	1.449833	-1.774956	1.541219	-1.476902	1.039335	-1.620484	1.064681	-1.465617	0.893362	-1.826649	0.948306	-1.426454	0.561245	-1.651948	0.480688	-1.674347	0.408010	-1.710191	0.428342	-1.586285	0.329410	-1.308012	0.351913	-1.367134	0.280824	-1.132351	0.157038	-0.968785	0.445877	-0.802876	0.418725	-0.576802	0.109317	-0.514380	0.236585	-0.761941	0.491241	
0.312856	-0.041645	0.284244	-0.265873	0.326074	-0.396341	0.302532	-0.417645	0.358648	-0.324279	0.333538	-0.469571	0.350325	-0.470501	0.264277	-0.510762	0.296483	-0.539995	0.402784	-0.516925	0.439901	-0.426328	0.466148	-0.546998	0.502407	-0.473401	0.518036	-0.484936	0.636532	-0.461547	0.651790	-0.443043	0.656436	-0.438964	0.676513	-0.521280	0.686406	-0.511965	0.650116	-0.380725	0.697366	-0.397610	0.651454	-0.351810	0.739125	-0.428695	0.747449	-0.453164	0.667489	-0.318712	0.706041	-0.325471	0.664294	-0.279460	0.761471	-0.294149	0.653076	-0.189392	0.714710	-0.167290	0.720882	-0.147385	0.730678	-0.152955	0.696840	-0.125781	0.620444	-0.132138	0.636686	-0.112242	0.570542	-0.077102	0.523813	-0.159826	0.475956	-0.152786	0.410301	-0.063430	0.392177	-0.100534	0.464240	-0.174093	
-0.232674	0.033371	-0.317258	0.850796	-0.269618	1.308686	-0.194733	1.376173	-0.370772	1.081842	-0.293181	1.541858	-0.346566	1.544652	-0.072262	1.673088	-0.174415	1.767535	-0.516925	1.696088	-0.639154	1.399579	-0.725375	1.795757	-0.844940	1.552804	-0.896414	1.591036	-1.303283	1.508495	-1.357730	1.442804	-1.374385	1.428209	-1.445625	1.721401	-1.481287	1.688740	-1.352017	1.219294	-1.521269	1.279898	-1.356875	1.115706	-1.670921	1.391443	-1.700723	1.479203	-1.414513	0.997239	-1.552390	1.021583	-1.403692	0.857071	-1.750358	0.909839	-1.366155	0.538234	-1.582585	0.460924	-1.604079	0.391172	-1.638482	0.410686	-1.519554	0.315744	-1.252503	0.337320	-1.309239	0.269137	-1.084104	0.150465	-0.927328	0.427291	-0.768355	0.401190	-0.551774	0.104726	-0.491973	0.226636	-0.729121	0.470637	
0.331362	-0.044121	0.297661	-0.327418	0.343868	-0.488343	0.314502	-0.514897	0.384222	-0.398691	0.353178	-0.579727	0.374120	-0.580862	0.266710	-0.631163	0.306866	-0.667790	0.439901	-0.639154	0.486780	-0.525200	0.519762	-0.677052	0.565418	-0.584395	0.585088	-0.598915	0.734139	-0.569542	0.753294	-0.546312	0.759123	-0.541194	0.784328	-0.644545	0.796735	-0.632835	0.751198	-0.468153	0.810452	-0.489339	0.752893	-0.431901	0.862816	-0.528322	0.873252	-0.559007	0.773011	-0.390411	0.821329	-0.398894	0.769034	-0.341227	0.890785	-0.359651	0.755076	-0.228483	0.832166	-0.200853	0.839881	-0.175962	0.852132	-0.182928	0.809808	-0.148955	0.714293	-0.156878	0.734600	-0.132045	0.652079	-0.088225	0.593833	-0.191301	0.534232	-0.182457	0.452525	-0.071183	0.429964	-0.117343	0.519630	-0.208947	
-0.187408	0.027316	-0.285867	0.701568	-0.226295	1.085867	-0.165579	1.140583	-0.308534	0.901814	-0.245365	1.274866	-0.288640	1.277154	-0.066299	1.381202	-0.149116	1.457665	-0.426328	1.399579	-0.525200	1.160039	-0.594926	1.480337	-0.691675	1.283664	-0.733317	1.314639	-1.066070	1.246619	-1.111072	1.192387	-1.124859	1.180310	-1.183663	1.422505	-1.213229	1.395650	-1.106386	1.007271	-1.246540	1.057453	-1.110380	0.921468	-1.370484	1.149855	-1.395165	1.222551	-1.158125	0.823343	-1.272326	0.843512	-1.149199	0.707251	-1.436296	0.750973	-1.118317	0.443387	-1.297274	0.379484	-1.315029	0.321822	-1.343478	0.337951	-1.245127	0.259496	-1.024431	0.277266	-1.071312	0.221060	-0.885900	0.123439	-0.757060	0.350889	-0.626578	0.329157	-0.448949	0.085865	-0.399913	0.185801	-0.594342	0.386025	
0.344663	-0.045900	0.306568	-0.370992	0.356415	-0.553210	0.322945	-0.583463	0.402249	-0.451163	0.367026	-0.657384	0.390895	-0.658666	0.268439	-0.716033	0.314195	-0.757864	0.466148	-0.725375	0.519762	-0.594926	0.557663	-0.768809	0.609915	-0.662632	0.632467	-0.679273	0.803176	-0.645668	0.825082	-0.619100	0.831745	-0.613249	0.860574	-0.731452	0.874753	-0.718047	0.822685	-0.529775	0.890401	-0.553992	0.824631	-0.488352	0.950242	-0.598540	0.962167	-0.633605	0.847625	-0.440948	0.902828	-0.450643	0.843098	-0.384765	0.982165	-0.405817	0.827207	-0.256045	0.915185	-0.224520	0.923984	-0.196116	0.937965	-0.204065	0.889662	-0.165302	0.780680	-0.174333	0.803850	-0.146021	0.709792	-0.096089	0.643434	-0.213505	0.575559	-0.203391	0.482540	-0.076679	0.456854	-0.129220	0.558926	-0.233535	
-0.247725	0.035384	-0.328462	0.901159	-0.284005	1.383893	-0.204407	1.455629	-0.391453	1.142815	-0.309061	1.631762	-0.365807	1.634723	-0.074218	1.771268	-0.182800	1.871706	-0.546998	1.795757	-0.677052	1.480337	-0.768809	1.901911	-0.896020	1.643342	-0.950799	1.684014	-1.382717	1.596583	-1.440350	1.527027	-1.457972	1.511583	-1.533405	1.821972	-1.571119	1.787350	-1.434292	1.290583	-1.613346	1.354699	-1.439443	1.181005	-1.771657	1.472693	-1.803183	1.565527	-1.500414	1.055689	-1.646264	1.081439	-1.488958	0.907414	-1.855678	0.963231	-1.449192	0.570080	-1.678225	0.488263	-1.700976	0.414446	-1.737381	0.435097	-1.611533	0.334612	-1.328894	0.357465	-1.388945	0.285258	-1.150467	0.159517	-0.984311	0.452917	-0.815776	0.425342	-0.586129	0.111033	-0.522715	0.240315	-0.774193	0.499008	
0.362830	-0.048330	0.319685	-0.431312	0.373748	-0.643255	0.334598	-0.678627	0.427165	-0.524056	0.386158	-0.765134	0.414080	-0.766619	0.270794	-0.833764	0.324299	-0.882809	0.502407	-0.844940	0.565418	-0.691675	0.609915	-0.896020	0.671570	-0.771103	0.698065	-0.790684	0.898653	-0.751218	0.924366	-0.720032	0.932185	-0.713166	0.966026	-0.851927	0.982663	-0.836183	0.921557	-0.615228	1.001004	-0.643647	0.923852	-0.566634	1.071208	-0.695914	1.085198	-0.737053	0.950835	-0.511029	1.015582	-0.522409	0.945545	-0.445140	1.108627	-0.469841	0.926975	-0.294260	1.030058	-0.257332	1.040364	-0.224056	1.056745	-0.233369	1.000149	-0.187961	0.872483	-0.198524	0.899626	-0.165385	0.789562	-0.106971	0.711947	-0.244278	0.632595	-0.232401	0.523888	-0.084268	0.493865	-0.145660	0.613143	-0.267610	
-0.210696	0.030431	-0.302099	0.778422	-0.248805	1.200836	-0.180732	1.262183	-0.340861	0.994566	-0.270208	1.412780	-0.318732	1.415330	-0.069409	1.532030	-0.162265	1.617833	-0.473401	1.552804	-0.584395	1.283664	-0.662632	1.643342	-0.771103	1.422874	-0.817790	1.457555	-1.188730	1.382056	-1.238612	1.321904	-1.253882	1.308525	-1.319107	1.577061	-1.351825	1.547211	-1.233398	1.116940	-1.388594	1.172510	-1.237837	1.021942	-1.525827	1.274810	-1.553156	1.355294	-1.290696	0.913300	-1.417139	0.935627	-1.280789	0.784757	-1.598691	0.833158	-1.246462	0.492458	-1.444806	0.421619	-1.464497	0.357703	-1.496026	0.375583	-1.387030	0.288597	-1.142350	0.308336	-1.194331	0.245932	-0.988360	0.137414	-0.845060	0.390422	-0.699829	0.366430	-0.502036	0.095611	-0.447426	0.206923	-0.663970	0.429810	
0.370713	-0.049385	0.325178	-0.457308	0.381220	-0.682003	0.339623	-0.719580	0.437905	-0.555414	0.394406	-0.811509	0.424073	-0.813081	0.271813	-0.884441	0.328657	-0.936593	0.518036	-0.896414	0.585088	-0.733317	0.632467	-0.950799	0.698065	-0.817790	0.726416	-0.838629	0.939817	-0.796650	0.967170	-0.763474	0.975487	-0.756171	1.011486	-0.903783	1.029181	-0.887031	0.964182	-0.652008	1.048678	-0.682236	0.966628	-0.600329	1.123343	-0.737825	1.138221	-0.781577	0.995328	-0.541195	1.064182	-0.553299	0.989709	-0.471129	1.163124	-0.497400	0.969985	-0.310713	1.079568	-0.271460	1.090522	-0.236086	1.107936	-0.245987	1.047770	-0.197719	0.912065	-0.208942	0.940917	-0.173726	0.823964	-0.111662	0.741505	-0.257531	0.657213	-0.244896	0.541752	-0.087543	0.509862	-0.152745	0.636547	-0.282286	
-0.216486	0.031205	-0.306361	0.797749	-0.254319	1.229675	-0.184439	1.292651	-0.348788	1.017948	-0.276295	1.447250	-0.326108	1.449865	-0.070158	1.569676	-0.165480	1.657773	-0.484936	1.591036	-0.598915	1.314639	-0.679273	1.684014	-0.790684	1.457555	-0.838629	1.493231	-1.219209	1.415824	-1.270311	1.354194	-1.285951	1.340490	-1.352784	1.615618	-1.386289	1.585016	-1.264964	1.144272	-1.423917	1.201188	-1.269516	1.046977	-1.564471	1.305959	-1.592460	1.388389	-1.323653	0.935709	-1.453152	0.958576	-1.313503	0.804059	-1.639092	0.853629	-1.278320	0.504670	-1.481495	0.432103	-1.501668	0.366628	-1.533965	0.384944	-1.422316	0.295833	-1.171660	0.316062	-1.224912	0.252115	-1.013826	0.140887	-0.866929	0.400250	-0.718032	0.375693	-0.515228	0.098032	-0.459234	0.212171	-0.681272	0.440691	
0.428539	-0.057119	0.379676	-0.664185	0.438127	-0.992641	0.377984	-1.046930	0.519673	-0.809997	0.457169	-1.179933	0.500062	-1.182178	0.279816	-1.285420	0.361959	-1.361074	0.636532	-1.303283	0.734139	-1.066070	0.803176	-1.382717	0.898653	-1.188730	0.939817	-1.219209	1.256055	-1.156633	1.296537	-1.107523	1.308861	-1.096701	1.362416	-1.316104	1.388643	-1.291140	1.292107	-0.942565	1.417117	-0.987334	1.295828	-0.866172	1.527563	-1.069548	1.549558	-1.134247	1.338314	-0.778799	1.440008	-0.796718	1.330158	-0.675391	1.586017	-0.714217	1.301502	-0.439230	1.462520	-0.381603	1.478582	-0.329648	1.504169	-0.344189	1.415748	-0.273338	1.216522	-0.289735	1.258876	-0.238207	1.087926	-0.147596	0.967630	-0.360271	0.844862	-0.341567	0.676918	-0.112440	0.630514	-0.207219	0.814727	-0.395854	
-0.205433	0.029727	-0.293884	0.755636	-0.243018	1.166045	-0.176788	1.225731	-0.332576	0.965362	-0.263843	1.372252	-0.311054	1.374733	-0.068478	1.488277	-0.158821	1.571760	-0.461547	1.508495	-0.569542	1.246619	-0.645668	1.596583	-0.751218	1.382056	-0.796650	1.415824	-1.156633	1.342784	-1.205064	1.284387	-1.219878	1.271410	-1.283057	1.531653	-1.314796	1.502754	-1.200014	1.085456	-1.350651	1.139384	-1.204292	0.993226	-1.483861	1.238696	-1.510391	1.316832	-1.255598	0.887739	-1.378380	0.909414	-1.245952	0.762900	-1.554709	0.809903	-1.212547	0.478913	-1.405299	0.410068	-1.424441	0.347951	-1.455081	0.365329	-1.349162	0.280785	-1.111361	0.299971	-1.161881	0.239309	-0.961648	0.133803	-0.822328	0.379793	-0.681120	0.356476	-0.488786	0.093150	-0.435686	0.201395	-0.646255	0.418113	
0.435386	-0.058035	0.388818	-0.691814	0.445518	-1.034769	0.382996	-1.091201	0.530270	-0.844925	0.465308	-1.229471	0.509898	-1.231803	0.280934	-1.339128	0.366321	-1.417786	0.651790	-1.357730	0.753294	-1.111072	0.825082	-1.440350	0.924366	-1.238612	0.967170	-1.270311	1.296537	-1.205064	1.339067	-1.153592	1.351837	-1.142364	1.407762	-1.371576	1.435181	-1.345527	1.334327	-0.981414	1.464868	-1.028159	1.338237	-0.901656	1.580184	-1.114001	1.603157	-1.181560	1.382607	-0.810443	1.488760	-0.829156	1.374121	-0.702516	1.641147	-0.743047	1.344302	-0.456152	1.512215	-0.396066	1.528958	-0.341890	1.555640	-0.357052	1.463429	-0.283182	1.255706	-0.300264	1.299866	-0.246570	1.121765	-0.152191	0.996484	-0.373658	0.868664	-0.354130	0.693851	-0.115586	0.645545	-0.214230	0.837283	-0.410618	
-0.197017	0.028601	-0.283218	0.722275	-0.234057	1.115292	-0.170712	1.172379	-0.319730	0.923338	-0.253975	1.312515	-0.299129	1.314889	-0.067122	1.423483	-0.153531	1.503321	-0.443043	1.442804	-0.546312	1.192387	-0.619100	1.527027	-0.720032	1.321904	-0.763474	1.354194	-1.107523	1.284387	-1.153592	1.228842	-1.167823	1.216354	-1.228129	1.464748	-1.258434	1.437166	-1.148870	1.038611	-1.292849	1.090153	-1.152921	0.950431	-1.420191	1.185100	-1.445544	1.259792	-1.201960	0.849568	-1.319372	0.870287	-1.192713	0.730172	-1.488020	0.775122	-1.160715	0.458478	-1.345155	0.392599	-1.363476	0.333159	-1.392796	0.349787	-1.291445	0.268884	-1.063889	0.287242	-1.112232	0.229192	-0.920628	0.128234	-0.787325	0.363608	-0.652217	0.341284	-0.468183	0.089330	-0.417380	0.192904	-0.618857	0.400260	
0.437408	-0.058306	0.391739	-0.700241	0.447774	-1.047681	0.384529	-1.104764	0.533503	-0.855647	0.467792	-1.244635	0.512897	-1.246994	0.281284	-1.355559	0.367657	-1.435131	0.656436	-1.374385	0.759123	-1.124859	0.831745	-1.457972	0.932185	-1.253882	0.975487	-1.285951	1.308861	-1.219878	1.351837	-1.167823	1.364978	-1.156291	1.421521	-1.388534	1.449302	-1.362161	1.347147	-0.993320	1.479385	-1.040671	1.351110	-0.912528	1.596202	-1.127630	1.619459	-1.196057	1.396061	-0.820134	1.503586	-0.839090	1.387474	-0.710817	1.657936	-0.751874	1.357300	-0.461319	1.527329	-0.400479	1.544281	-0.345622	1.571299	-0.360974	1.477925	-0.286179	1.267596	-0.303471	1.312310	-0.249114	1.132022	-0.153583	1.005217	-0.377736	0.875855	-0.357953	0.698946	-0.116535	0.650061	-0.216358	0.844094	-0.415112	
-0.195219	0.028361	-0.280714	0.714879	-0.232077	1.103983	-0.169366	1.160499	-0.316892	0.913952	-0.251795	1.299229	-0.296496	1.301580	-0.066816	1.409085	-0.152359	1.488121	-0.438964	1.428209	-0.541194	1.180310	-0.613249	1.511583	-0.713166	1.308525	-0.756171	1.340490	-1.096701	1.271410	-1.142364	1.216354	-1.156291	1.204197	-1.216044	1.449883	-1.246030	1.422587	-1.137613	1.028186	-1.280104	1.079195	-1.141616	0.940912	-1.406132	1.173164	-1.431239	1.247100	-1.190147	0.841083	-1.306358	0.861588	-1.180988	0.722903	-1.473290	0.767393	-1.149301	0.453951	-1.331890	0.388731	-1.350028	0.329887	-1.379054	0.346349	-1.278721	0.266256	-1.053445	0.284430	-1.101303	0.226961	-0.911614	0.127011	-0.779646	0.360033	-0.645889	0.337931	-0.463691	0.088494	-0.413396	0.191036	-0.612862	0.396318	
0.446740	-0.059554	0.402900	-0.736554	0.457493	-1.102711	0.391118	-1.162615	0.547438	-0.901204	0.478497	-1.309414	0.525833	-1.311889	0.282752	-1.425826	0.373395	-1.509353	0.676513	-1.445625	0.784328	-1.183663	0.860574	-1.533405	0.966026	-1.319107	1.011486	-1.352784	1.362416	-1.283057	1.407762	-1.228129	1.421521	-1.216044	1.481515	-1.461273	1.510668	-1.433280	1.402827	-1.044072	1.542265	-1.094028	1.407026	-0.958897	1.665449	-1.185715	1.689970	-1.257858	1.454424	-0.861499	1.567763	-0.881487	1.445406	-0.746290	1.730426	-0.789568	1.413705	-0.483484	1.592733	-0.419432	1.610573	-0.361677	1.639021	-0.377839	1.540701	-0.299102	1.319278	-0.317293	1.366349	-0.260105	1.176712	-0.159647	1.043385	-0.395308	0.907410	-0.374453	0.721500	-0.120706	0.670125	-0.225594	0.874018	-0.434499	
-0.232655	0.033368	-0.328851	0.863899	-0.271923	1.330685	-0.196372	1.398768	-0.374034	1.101802	-0.295679	1.565917	-0.349534	1.568743	-0.072810	1.698278	-0.175864	1.793537	-0.521280	1.721401	-0.644545	1.422505	-0.731452	1.821972	-0.851927	1.577061	-0.903783	1.615618	-1.316104	1.531653	-1.371576	1.464748	-1.388534	1.449883	-1.461273	1.748840	-1.497474	1.715375	-1.365762	1.237302	-1.537964	1.298986	-1.370759	1.131945	-1.690213	1.412456	-1.720522	1.501723	-1.429409	1.011474	-1.569598	1.036245	-1.418472	0.868993	-1.770824	0.922655	-1.380508	0.545156	-1.600202	0.466702	-1.622005	0.395907	-1.656926	0.415712	-1.536199	0.319367	-1.265190	0.341234	-1.322766	0.272104	-1.094565	0.151855	-0.935733	0.432258	-0.774750	0.405720	-0.555515	0.105527	-0.494971	0.228911	-0.735008	0.475984	
0.451016	-0.060126	0.409265	-0.754611	0.462305	-1.130410	0.394390	-1.191701	0.554327	-0.924243	0.483792	-1.341904	0.532225	-1.344437	0.283506	-1.461012	0.376248	-1.546481	0.686406	-1.481287	0.796735	-1.213229	0.874753	-1.571119	0.982663	-1.351825	1.029181	-1.386289	1.388643	-1.314796	1.435181	-1.258434	1.449302	-1.246030	1.510668	-1.497474	1.540973	-1.469103	1.430124	-1.069541	1.573209	-1.120809	1.434444	-0.982145	1.699617	-1.214892	1.724778	-1.288918	1.483087	-0.882215	1.599366	-0.902727	1.473855	-0.764027	1.766232	-0.808431	1.441398	-0.494513	1.624951	-0.428848	1.643237	-0.369636	1.672404	-0.386207	1.571596	-0.305490	1.344601	-0.324128	1.392855	-0.265525	1.198547	-0.162608	1.061970	-0.404000	0.922705	-0.382601	0.732326	-0.122723	0.679715	-0.230125	0.888501	-0.444077	
-0.228174	0.032769	-0.324081	0.847230	-0.267437	1.305577	-0.193343	1.372347	-0.367591	1.081100	-0.290734	1.536270	-0.343550	1.539043	-0.072166	1.666076	-0.173232	1.759491	-0.511965	1.688740	-0.632835	1.395650	-0.718047	1.787350	-0.836183	1.547211	-0.887031	1.585016	-1.291140	1.502754	-1.345527	1.437166	-1.362161	1.422587	-1.433280	1.715375	-1.469103	1.683048	-1.339836	1.214036	-1.508765	1.274545	-1.344724	1.110672	-1.658127	1.385867	-1.687863	1.473445	-1.402262	0.992477	-1.539805	1.016778	-1.391525	0.852679	-1.737243	0.905330	-1.354268	0.534923	-1.569841	0.457940	-1.591236	0.388474	-1.625503	0.407907	-1.507040	0.313370	-1.241116	0.334824	-1.297612	0.266996	-1.073716	0.149020	-0.917896	0.424108	-0.759971	0.398059	-0.544902	0.103569	-0.485511	0.224606	-0.720982	0.466984	
0.434521	-0.057919	0.388252	-0.688863	0.444701	-1.030394	0.382437	-1.086592	0.529105	-0.841334	0.464409	-1.224290	0.508814	-1.226614	0.280797	-1.333493	0.365831	-1.411826	0.650116	-1.352017	0.751198	-1.106386	0.822685	-1.434292	0.921557	-1.233398	0.964182	-1.264964	1.292107	-1.200014	1.334327	-1.148870	1.347147	-1.137613	1.402827	-1.365762	1.430124	-1.339836	1.329784	-0.977328	1.459708	-1.023880	1.333629	-0.897934	1.574524	-1.109352	1.597394	-1.176610	1.377805	-0.807123	1.483492	-0.825752	1.369355	-0.699666	1.635218	-0.740025	1.339659	-0.454367	1.506853	-0.394539	1.523525	-0.340596	1.550093	-0.355693	1.458278	-0.282137	1.251441	-0.299146	1.295413	-0.245679	1.118062	-0.151693	0.993301	-0.372238	0.866012	-0.352793	0.691923	-0.115236	0.643816	-0.213473	0.834761	-0.409049	
-0.170165	0.025009	-0.243707	0.609304	-0.203745	0.941926	-0.150090	0.990283	-0.276335	0.779313	-0.220618	1.108975	-0.258864	1.110987	-0.062357	1.202965	-0.135551	1.270573	-0.380725	1.219294	-0.468153	1.007271	-0.529775	1.290583	-0.615228	1.116940	-0.652008	1.144272	-0.942565	1.085456	-0.981414	1.038611	-0.993320	1.028186	-1.044072	1.237302	-1.069541	1.214036	-0.977328	0.878804	-1.098497	0.922064	-0.980707	0.804505	-1.205600	1.001957	-1.226890	1.064790	-1.021930	0.719535	-1.120892	0.736966	-1.014027	0.618826	-1.263170	0.656715	-0.986779	0.389225	-1.142816	0.333470	-1.158339	0.283175	-1.183146	0.297246	-1.097410	0.228769	-0.904832	0.244312	-0.945743	0.195153	-0.783470	0.109634	-0.670584	0.309014	-0.556137	0.290103	-0.400175	0.076655	-0.357141	0.164443	-0.527878	0.340094	
0.454852	-0.060639	0.418064	-0.774377	0.467693	-1.161643	0.398085	-1.224458	0.562012	-0.950345	0.489709	-1.378409	0.539350	-1.381006	0.284427	-1.500479	0.379478	-1.588080	0.697366	-1.521269	0.810452	-1.246540	0.890401	-1.613346	1.001004	-1.388594	1.048678	-1.423917	1.417117	-1.350651	1.464868	-1.292849	1.479385	-1.280104	1.542265	-1.537964	1.573209	-1.508765	1.459708	-1.098497	1.607006	-1.151183	1.464107	-1.008535	1.737065	-1.248085	1.763001	-1.324324	1.514198	-0.905674	1.633874	-0.926785	1.504734	-0.784046	1.805601	-0.829762	1.471437	-0.506841	1.660158	-0.439338	1.678951	-0.378464	1.708939	-0.395499	1.605289	-0.312527	1.371944	-0.331669	1.421548	-0.271465	1.221969	-0.165781	1.081739	-0.413599	0.938795	-0.391568	0.743435	-0.124836	0.689442	-0.235034	0.903679	-0.454631	
-0.177437	0.025982	-0.254533	0.639920	-0.211945	0.988922	-0.155661	1.039648	-0.288083	0.818352	-0.229643	1.164158	-0.269764	1.166268	-0.063625	1.262754	-0.140403	1.333681	-0.397610	1.279898	-0.489339	1.057453	-0.553992	1.354699	-0.643647	1.172510	-0.682236	1.201188	-0.987334	1.139384	-1.028159	1.090153	-1.040671	1.079195	-1.094028	1.298986	-1.120809	1.274545	-1.023880	0.922064	-1.151183	0.967735	-1.027434	0.844047	-1.263808	1.051610	-1.286198	1.117656	-1.070772	0.754777	-1.174726	0.773104	-1.062502	0.649013	-1.324134	0.688810	-1.033966	0.408012	-1.197699	0.349514	-1.213981	0.296741	-1.240011	0.311505	-1.150044	0.239659	-0.947986	0.255965	-0.990912	0.204395	-0.820684	0.114686	-0.702257	0.323832	-0.582202	0.303996	-0.418621	0.080096	-0.373478	0.172170	-0.552558	0.356427	
0.435279	-0.058021	0.388956	-0.691413	0.445323	-1.034134	0.382844	-1.090526	0.530013	-0.844428	0.465098	-1.228700	0.509656	-1.231031	0.280851	-1.338280	0.366178	-1.416886	0.651454	-1.356875	0.752893	-1.110380	0.824631	-1.439443	0.923852	-1.237837	0.966628	-1.269516	1.295828	-1.204292	1.338237	-1.152921	1.351110	-1.141616	1.407026	-1.370759	1.434444	-1.344724	1.333629	-0.980707	1.464107	-1.027434	1.337613	-0.901012	1.579371	-1.113238	1.602344	-1.180762	1.381916	-0.809879	1.487978	-0.828569	1.373440	-0.702045	1.640231	-0.742543	1.343640	-0.455881	1.511424	-0.395843	1.528156	-0.341710	1.554817	-0.356860	1.462679	-0.283044	1.255111	-0.300112	1.299239	-0.246456	1.121258	-0.152134	0.996052	-0.373463	0.868309	-0.353950	0.693599	-0.115544	0.645321	-0.214132	0.836946	-0.410407	
-0.157896	0.023368	-0.225207	0.557062	-0.189659	0.861573	-0.140495	0.905884	-0.256185	0.712560	-0.205121	1.014638	-0.240166	1.016482	-0.060111	1.100761	-0.127180	1.162702	-0.351810	1.115706	-0.431901	0.921468	-0.488352	1.181005	-0.566634	1.021942	-0.600329	1.046977	-0.866172	0.993226	-0.901656	0.950431	-0.912528	0.940912	-0.958897	1.131945	-0.982145	1.110672	-0.897934	0.804505	-1.008535	0.844047	-0.901012	0.736797	-1.106283	0.916971	-1.125716	0.974319	-0.938622	0.659163	-1.029005	0.675062	-0.931344	0.567146	-1.159012	0.601748	-0.906299	0.357111	-1.049138	0.306061	-1.063362	0.260014	-1.086072	0.272897	-1.007592	0.210192	-0.831262	0.224428	-0.868721	0.179396	-0.720062	0.101040	-0.616646	0.283724	-0.511780	0.266401	-0.368833	0.070808	-0.329401	0.151278	-0.485886	0.312229	
0.472825	-0.063043	0.444418	-0.850005	0.488019	-1.277716	0.411920	-1.346378	0.591100	-1.046766	0.512074	-1.514690	0.566341	-1.517529	0.287645	-1.648130	0.391546	-1.743921	0.739125	-1.670921	0.862816	-1.370484	0.950242	-1.771657	1.071208	-1.525827	1.123343	-1.564471	1.527563	-1.483861	1.580184	-1.420191	1.596202	-1.406132	1.665449	-1.690213	1.699617	-1.658127	1.574524	-1.205600	1.737065	-1.263808	1.579371	-1.106283	1.880926	-1.370854	1.909408	-1.454986	1.634708	-0.992763	1.766753	-1.016084	1.624350	-0.858611	1.956159	-0.909061	1.587873	-0.553205	1.795618	-0.478921	1.816285	-0.411922	1.849295	-0.430670	1.735187	-0.339375	1.478414	-0.360403	1.532996	-0.294245	1.313777	-0.178226	1.159880	-0.450142	1.003106	-0.425824	0.788954	-0.133317	0.729761	-0.254082	0.964575	-0.494900	
-0.190661	0.027751	-0.274575	0.696201	-0.227071	1.075462	-0.165954	1.130541	-0.309733	0.890260	-0.246287	1.265745	-0.289853	1.268036	-0.066010	1.372807	-0.149379	1.449833	-0.428695	1.391443	-0.528322	1.149855	-0.598540	1.472693	-0.695914	1.274810	-0.737825	1.305959	-1.069548	1.238696	-1.114001	1.185100	-1.127630	1.173164	-1.185715	1.412456	-1.214892	1.385867	-1.109352	1.001957	-1.248085	1.051610	-1.113238	0.916971	-1.370854	1.143197	-1.395212	1.215095	-1.160483	0.819750	-1.273667	0.839716	-1.151547	0.704636	-1.436274	0.747971	-1.120639	0.442588	-1.298571	0.379030	-1.316252	0.321686	-1.344537	0.337728	-1.246765	0.259672	-1.027224	0.277382	-1.073865	0.221370	-0.888983	0.123949	-0.760358	0.351072	-0.629986	0.329528	-0.452389	0.086398	-0.403366	0.186353	-0.597793	0.386443	
0.476417	-0.063523	0.449609	-0.865072	0.492074	-1.300828	0.414682	-1.370656	0.596901	-1.065962	0.516535	-1.541828	0.571724	-1.544716	0.288291	-1.677534	0.393956	-1.774956	0.747449	-1.700723	0.873252	-1.395165	0.962167	-1.803183	1.085198	-1.553156	1.138221	-1.592460	1.549558	-1.510391	1.603157	-1.445544	1.619459	-1.431239	1.689970	-1.720522	1.724778	-1.687863	1.597394	-1.226890	1.763001	-1.286198	1.602344	-1.125716	1.909408	-1.395212	1.939561	-1.481565	1.658734	-1.010089	1.793226	-1.033850	1.648182	-0.873456	1.986134	-0.924839	1.611072	-0.562438	1.822605	-0.486802	1.843645	-0.418584	1.877257	-0.437673	1.761065	-0.344721	1.499628	-0.366125	1.555200	-0.298782	1.332071	-0.180705	1.175453	-0.457419	1.015925	-0.432646	0.798031	-0.135007	0.737803	-0.257876	0.976715	-0.502920	
-0.201099	0.029147	-0.290244	0.740497	-0.238982	1.143544	-0.174061	1.202049	-0.326779	0.946826	-0.259392	1.345669	-0.305669	1.348103	-0.067894	1.459394	-0.156449	1.541219	-0.453164	1.479203	-0.559007	1.222551	-0.633605	1.565527	-0.737053	1.355294	-0.781577	1.388389	-1.134247	1.316832	-1.181560	1.259792	-1.196057	1.247100	-1.257858	1.501723	-1.288918	1.473445	-1.176610	1.064790	-1.324324	1.117656	-1.180762	0.974319	-1.454986	1.215095	-1.481565	1.292183	-1.231088	0.870848	-1.351526	0.892108	-1.221621	0.748386	-1.524506	0.794499	-1.188848	0.469786	-1.377947	0.402248	-1.396728	0.341308	-1.426788	0.358356	-1.322876	0.275414	-1.089584	0.294231	-1.139146	0.234725	-0.942739	0.131238	-0.806093	0.372501	-0.667606	0.349613	-0.478985	0.091360	-0.426911	0.197513	-0.633410	0.410056	
0.442180	-0.058944	0.399278	-0.720544	0.453114	-1.078853	0.388138	-1.137493	0.541172	-0.881591	0.473673	-1.281192	0.520010	-1.283616	0.282060	-1.395144	0.370791	-1.476902	0.667489	-1.414513	0.773011	-1.158125	0.847625	-1.500414	0.950835	-1.290696	0.995328	-1.323653	1.338314	-1.255598	1.382607	-1.201960	1.396061	-1.190147	1.454424	-1.429409	1.483087	-1.402262	1.377805	-1.021930	1.514198	-1.070772	1.381916	-0.938622	1.634708	-1.160483	1.658734	-1.231088	1.428365	-0.843380	1.539140	-0.862911	1.419516	-0.730744	1.698177	-0.773054	1.388487	-0.473744	1.563593	-0.411096	1.581047	-0.354605	1.608872	-0.370415	1.512709	-0.293395	1.296123	-0.311187	1.342167	-0.255238	1.156621	-0.156933	1.026146	-0.387549	0.893072	-0.367155	0.711120	-0.118812	0.660836	-0.221473	0.860393	-0.425930	
-0.143928	0.021500	-0.204030	0.497366	-0.173522	0.769684	-0.129496	0.809367	-0.233108	0.636230	-0.187370	0.906752	-0.218753	0.908405	-0.057517	0.983875	-0.117579	1.039335	-0.318712	0.997239	-0.390411	0.823343	-0.440948	1.055689	-0.511029	0.913300	-0.541195	0.935709	-0.778799	0.887739	-0.810443	0.849568	-0.820134	0.841083	-0.861499	1.011474	-0.882215	0.992477	-0.807123	0.719535	-0.905674	0.754777	-0.809879	0.659163	-0.992763	0.819750	-1.010089	0.870848	-0.843380	0.590101	-0.923939	0.604193	-0.836829	0.507990	-1.039878	0.538821	-0.814300	0.320374	-0.942029	0.274710	-0.954766	0.233527	-0.975075	0.245050	-0.904904	0.188953	-0.747177	0.201693	-0.780684	0.161384	-0.647603	0.091222	-0.555021	0.254805	-0.461115	0.239301	-0.333054	0.064131	-0.297742	0.136232	-0.437927	0.280368	
0.458302	-0.061100	0.424085	-0.789927	0.471921	-1.185791	0.400965	-1.249820	0.568060	-0.970415	0.494359	-1.406753	0.544960	-1.409401	0.285101	-1.531182	0.381989	-1.620484	0.706041	-1.552390	0.821329	-1.272326	0.902828	-1.646264	1.015582	-1.417139	1.064182	-1.453152	1.440008	-1.378380	1.488760	-1.319372	1.503586	-1.306358	1.567763	-1.569598	1.599366	-1.539805	1.483492	-1.120892	1.633874	-1.174726	1.487978	-1.029005	1.766753	-1.273667	1.793226	-1.351526	1.539140	-0.923939	1.661425	-0.945456	1.529477	-0.799686	1.836825	-0.846376	1.495519	-0.516541	1.688247	-0.447611	1.707433	-0.385448	1.738058	-0.402844	1.632205	-0.318120	1.393929	-0.337656	1.444582	-0.276202	1.240879	-0.168348	1.097781	-0.421219	0.951938	-0.398703	0.752645	-0.126568	0.697563	-0.238978	0.916106	-0.463023	
