0.198283	-0.026023	0.327915	-0.051718	0.304538	-0.101952	0.545508	-0.065706	0.418788	-0.170835	0.615825	-0.140561	0.638467	-0.112257	0.483892	-0.180075	0.403328	-0.199439	0.724959	-0.129517	0.760421	-0.159679	0.774650	-0.167528	0.663861	-0.221633	0.573642	-0.320732	0.333407	-0.363907	0.238975	-0.368384	0.259500	-0.412503	0.353380	-0.422523	0.309349	-0.442950	0.258078	-0.463176	0.219055	-0.556156	0.189342	-0.584178	0.230790	-0.650310	0.252486	-0.650896	0.142649	-0.705156	0.184536	-0.743112	0.370106	-0.589593	0.322887	-0.711148	0.451654	-0.526834	0.525513	-0.478428	0.455410	-0.649606	0.662215	-0.504254	0.644070	-0.626696	0.476478	-0.665055	0.666634	-0.598431	0.663525	-0.460883	0.674079	-0.591436	0.733839	-0.528078	0.721441	-0.701372	0.706552	-0.715406	0.797638	-0.573392	0.686705	-0.410915	0.744301	-0.419883	0.681179	-0.352883	0.810931	-0.610019	0.779749	-0.688650	0.727162	-0.752214	
-0.026023	0.005687	-0.042827	0.009018	-0.039796	0.015529	-0.071033	0.010831	-0.054606	0.024458	-0.080148	0.020534	-0.083083	0.016865	-0.063046	0.025656	-0.052602	0.028166	-0.094295	0.019102	-0.098892	0.023012	-0.100736	0.024030	-0.086375	0.031043	-0.074680	0.043889	-0.043539	0.049486	-0.031298	0.050066	-0.033958	0.055785	-0.046128	0.057084	-0.040420	0.059732	-0.033774	0.062354	-0.028716	0.074407	-0.024864	0.078039	-0.030237	0.086612	-0.033049	0.086688	-0.018811	0.093721	-0.024241	0.098642	-0.048296	0.078741	-0.042175	0.094498	-0.058867	0.070606	-0.068441	0.064331	-0.059354	0.086521	-0.086161	0.067679	-0.083809	0.083551	-0.062085	0.088523	-0.086734	0.079887	-0.086331	0.062057	-0.087699	0.078980	-0.095446	0.070767	-0.093839	0.093231	-0.091909	0.095050	-0.103716	0.076641	-0.089336	0.055579	-0.096802	0.056742	-0.088620	0.048057	-0.105439	0.081389	-0.101397	0.091582	-0.094580	0.099821	
0.327915	-0.042827	1.820596	-0.338735	1.552358	-0.914813	4.316328	-0.499157	2.862752	-1.705090	5.122913	-1.357797	5.382634	-1.033135	3.609559	-1.811038	2.685418	-2.033179	6.374757	-1.231112	6.781535	-1.577104	6.944746	-1.667133	5.673910	-2.287737	4.639036	-3.424450	1.883479	-3.919639	0.800317	-3.970988	1.035743	-4.477045	2.112576	-4.591984	1.607520	-4.826287	1.019434	-5.058280	0.571829	-6.124793	0.231010	-6.446208	0.706423	-7.204771	0.955283	-7.211485	-0.304577	-7.833871	0.175877	-8.269236	2.304427	-6.508320	1.762805	-7.902597	3.239810	-5.788456	4.086988	-5.233226	3.282888	-7.196679	5.654967	-5.529458	5.446843	-6.933879	3.524543	-7.373873	5.705660	-6.609673	5.669999	-5.031985	5.791048	-6.529444	6.476504	-5.802724	6.334302	-7.790416	6.163515	-7.951389	7.208283	-6.322478	5.935868	-4.458849	6.596501	-4.561714	5.872494	-3.793225	7.360753	-6.742594	7.003094	-7.644498	6.399919	-8.373578	
-0.051718	0.009018	-0.338735	0.066249	-0.287133	0.176927	-0.818229	0.097064	-0.538967	0.328746	-0.973195	0.262029	-1.023094	0.199654	-0.682441	0.349111	-0.504895	0.391785	-1.213704	0.237690	-1.291856	0.304162	-1.323213	0.321460	-1.079063	0.440707	-0.880239	0.659105	-0.350769	0.754277	-0.142648	0.764144	-0.187883	0.861379	-0.394789	0.883463	-0.297746	0.928482	-0.184750	0.973058	-0.098746	1.177981	-0.033260	1.239739	-0.124607	1.385491	-0.172424	1.386781	0.069650	1.506368	-0.022666	1.590021	-0.431651	1.251673	-0.327583	1.519574	-0.611379	1.113358	-0.774161	1.006672	-0.619656	1.383945	-1.075454	1.063592	-1.035463	1.333456	-0.666088	1.417994	-1.085195	1.271159	-1.078343	0.968001	-1.101603	1.255742	-1.233315	1.116101	-1.205991	1.498042	-1.173174	1.528974	-1.373929	1.215973	-1.129430	0.857871	-1.256373	0.877637	-1.117253	0.729968	-1.403227	1.296700	-1.334502	1.470004	-1.218599	1.610099	
0.304538	-0.039796	1.552358	-0.287133	1.328373	-0.768645	3.638301	-0.421228	2.423427	-1.429128	4.312424	-1.138860	4.529492	-0.867515	3.047595	-1.517669	2.275215	-1.703332	5.358683	-1.032979	5.698661	-1.322154	5.835067	-1.397395	4.772917	-1.916053	3.907992	-2.866079	1.605077	-3.279882	0.699832	-3.322795	0.896587	-3.745729	1.796542	-3.841789	1.374446	-4.037605	0.882958	-4.231492	0.508876	-5.122820	0.224039	-5.391440	0.621362	-6.025402	0.829344	-6.031013	-0.223573	-6.551166	0.177962	-6.915019	1.956881	-5.443349	1.504224	-6.608603	2.738618	-4.841727	3.446634	-4.377704	2.774620	-6.018624	4.757025	-4.625275	4.583092	-5.798979	2.976580	-6.166706	4.799390	-5.528033	4.769588	-4.209526	4.870751	-5.460984	5.443601	-4.853648	5.324760	-6.514805	5.182030	-6.649333	6.055164	-5.288019	4.991779	-3.730543	5.543885	-3.816510	4.938816	-3.174269	6.182587	-5.639118	5.883684	-6.392858	5.379598	-7.002166	
-0.101952	0.015529	-0.914813	0.176927	-0.768645	0.491047	-2.275534	0.264397	-1.483067	0.921846	-2.715271	0.732513	-2.856866	0.555513	-1.890208	0.979620	-1.386386	1.100721	-3.397755	0.663447	-3.619524	0.852076	-3.708504	0.901158	-3.015667	1.239503	-2.451468	1.859225	-0.949168	2.129202	-0.358642	2.157197	-0.486993	2.433093	-1.074070	2.495756	-0.798719	2.623495	-0.478102	2.749976	-0.234073	3.331426	-0.048262	3.506658	-0.307452	3.920217	-0.443127	3.923878	0.243734	4.263195	-0.018204	4.500551	-1.178664	3.540520	-0.883379	4.300663	-1.688625	3.148059	-2.150497	2.845354	-1.712110	3.915807	-3.005344	3.006856	-2.891877	3.772533	-1.843857	4.012412	-3.032982	3.595779	-3.013540	2.735638	-3.079535	3.552039	-3.453239	3.155838	-3.375712	4.239509	-3.282600	4.327270	-3.852198	3.439203	-3.158489	2.423170	-3.518660	2.479251	-3.123938	2.060278	-3.935323	3.668246	-3.740331	4.159956	-3.411485	4.557444	
0.545508	-0.071033	4.316328	-0.818229	3.638301	-2.275534	10.632591	-1.223976	6.953932	-4.275665	12.673645	-3.396788	13.330868	-2.575198	8.843863	-4.543780	6.505121	-5.105949	15.841424	-3.076177	16.870780	-3.951718	17.283776	-4.179525	14.067900	-5.749918	11.449001	-8.626497	4.476126	-9.879439	1.735186	-10.009374	2.330929	-11.289952	5.055854	-11.580808	3.777810	-12.173708	2.289662	-12.760766	1.156999	-15.459569	0.294557	-16.272910	1.497588	-18.192449	2.127328	-18.209439	-1.060743	-19.784382	0.155044	-20.886072	5.541333	-16.430082	4.170759	-19.958292	7.908313	-14.608465	10.052077	-13.203472	8.017321	-18.171932	14.019750	-13.953082	13.493105	-17.506882	8.628826	-18.620303	14.148024	-16.686498	14.057787	-12.694255	14.364094	-16.483484	16.098600	-14.644562	15.738766	-19.674297	15.306600	-20.081629	17.950321	-15.959770	14.730550	-11.243967	16.402245	-11.504260	14.570185	-9.559649	18.336138	-17.022847	17.431104	-19.305061	15.904806	-21.149954	
-0.065706	0.010831	-0.499157	0.097064	-0.421228	0.264397	-1.223976	0.143822	-0.801884	0.493934	-1.458164	0.393113	-1.533571	0.298847	-1.018762	0.524704	-0.750378	0.589226	-1.821615	0.356329	-1.939715	0.456780	-1.987103	0.482922	-1.618162	0.663152	-1.317682	0.993221	-0.517422	1.137097	-0.202868	1.152011	-0.271237	1.298972	-0.583955	1.332350	-0.437284	1.400393	-0.266500	1.467766	-0.136514	1.777488	-0.037537	1.870830	-0.175600	2.091122	-0.247871	2.093071	0.118001	2.273817	-0.021526	2.400250	-0.639669	1.888868	-0.482380	2.293776	-0.911312	1.679817	-1.157348	1.518568	-0.923823	2.088795	-1.612748	1.604598	-1.552301	2.012494	-0.994002	2.140262	-1.627471	1.918332	-1.617114	1.460114	-1.652271	1.895031	-1.851353	1.683965	-1.810052	2.261263	-1.760449	2.308016	-2.063888	1.834920	-1.694332	1.293656	-1.886204	1.323532	-1.675928	1.100332	-2.108171	1.956937	-2.004294	2.218883	-1.829110	2.430635	
0.418788	-0.054606	2.862752	-0.538967	2.423427	-1.483067	6.953932	-0.801884	4.571334	-2.778592	8.276041	-2.209322	8.701761	-1.677152	5.795431	-2.952239	4.280570	-3.316395	10.327992	-2.001663	10.994762	-2.568797	11.262287	-2.716365	9.179194	-3.733613	7.482884	-5.596844	2.966174	-6.408500	1.190730	-6.492667	1.576623	-7.322161	3.341694	-7.510562	2.513841	-7.894613	1.549892	-8.274881	0.816209	-10.023034	0.257562	-10.549876	1.036826	-11.793259	1.444740	-11.804265	-0.620335	-12.824435	0.167192	-13.538056	3.656163	-10.651685	2.768374	-12.937086	5.189378	-9.471733	6.578011	-8.561642	5.259988	-11.779989	9.148117	-9.047204	8.806977	-11.349218	5.656092	-12.070430	9.231208	-10.817805	9.172756	-8.231785	9.371170	-10.686301	10.494716	-9.495119	10.261629	-12.753186	9.981689	-13.017040	11.694189	-10.347059	9.608546	-7.292346	10.691405	-7.460954	9.504669	-6.201309	11.944106	-11.035679	11.357860	-12.514009	10.369183	-13.709059	
-0.170835	0.024458	-1.705090	0.328746	-1.429128	0.921846	-4.275665	0.493934	-2.778592	1.736003	-5.106391	1.378279	-5.373885	1.043898	-3.547751	1.845061	-2.595919	2.073876	-6.395704	1.247798	-6.814661	1.604151	-6.982754	1.696870	-5.673858	2.336019	-4.608011	3.506732	-1.770129	4.016654	-0.654595	4.069535	-0.897056	4.590718	-2.006072	4.709093	-1.485922	4.950397	-0.880261	5.189324	-0.419279	6.287708	-0.068274	6.618729	-0.557895	7.399961	-0.814193	7.406876	0.483318	8.047861	-0.011494	8.496237	-2.203657	6.682696	-1.645848	8.118640	-3.166993	5.941317	-4.039481	5.369501	-3.211358	7.391607	-5.654273	5.674584	-5.439935	7.120935	-3.460234	7.574088	-5.706479	6.787049	-5.669754	5.162257	-5.794417	6.704425	-6.500339	5.956007	-6.353891	8.003046	-6.178005	8.168825	-7.253966	6.491280	-5.943560	4.572008	-6.623919	4.677944	-5.878293	3.886512	-7.410989	6.923939	-7.042651	7.852771	-6.421467	8.603620	
0.615825	-0.080148	5.122913	-0.973195	4.312424	-2.715271	12.673645	-1.458164	8.276041	-5.106391	15.114016	-4.055760	15.899726	-3.073519	10.535372	-5.426907	7.739508	-6.098958	18.901176	-3.672509	20.131835	-4.719301	20.625590	-4.991649	16.780824	-6.869078	13.649969	-10.307931	5.313966	-11.805628	2.037161	-11.960960	2.749374	-13.491898	6.007029	-13.839619	4.479125	-14.548431	2.700042	-15.250259	1.345940	-18.476679	0.314890	-19.449028	1.753115	-21.743839	2.505970	-21.764151	-1.305371	-23.646995	0.148102	-24.964067	6.587421	-19.636926	4.948894	-23.854903	9.417144	-17.459175	11.979990	-15.779524	9.547462	-21.719246	16.723209	-16.675676	16.093622	-20.924128	10.278515	-22.255250	16.876557	-19.943386	16.768682	-15.170786	17.134862	-19.700689	19.208408	-17.502316	18.778238	-23.515203	18.261597	-24.002155	21.422080	-19.074606	17.572947	-13.437011	19.571407	-13.748182	17.381233	-11.423469	21.883313	-20.345479	20.801373	-23.073793	18.976733	-25.279303	
-0.140561	0.020534	-1.357797	0.262029	-1.138860	0.732513	-3.396788	0.393113	-2.209322	1.378279	-4.055760	1.094698	-4.267952	0.829397	-2.819433	1.464830	-2.064429	1.646324	-5.078548	0.991139	-5.410899	1.273826	-5.544239	1.347372	-4.505918	1.854401	-3.660523	2.782971	-1.409352	3.187457	-0.524443	3.229405	-0.716778	3.642838	-1.596516	3.736741	-1.183901	3.928158	-0.703455	4.117688	-0.337777	4.988992	-0.059339	5.251577	-0.447735	5.871297	-0.651046	5.876783	0.378217	6.385250	-0.014297	6.740929	-1.753252	5.302320	-1.310764	6.441396	-2.517427	4.714213	-3.209534	4.260616	-2.552620	5.864665	-4.490473	4.502626	-4.320449	5.649949	-2.750043	6.009418	-4.531886	5.385093	-4.502753	4.096220	-4.601643	5.319551	-5.161618	4.725866	-5.045448	6.349686	-4.905925	6.481191	-5.759435	5.150473	-4.719951	3.628003	-5.259648	3.712037	-4.668177	3.084232	-5.883994	5.493681	-5.591809	6.230481	-5.099053	6.826093	
0.638467	-0.083083	5.382634	-1.023094	4.529492	-2.856866	13.330868	-1.533571	8.701761	-5.373885	15.899726	-4.267952	16.726948	-3.234017	11.080035	-5.711276	8.136980	-6.418706	19.886429	-3.864539	21.181903	-4.966467	21.701668	-5.253164	17.654359	-7.229459	14.358671	-10.849346	5.583752	-12.425854	2.134402	-12.589363	2.884118	-14.200915	6.313307	-14.566946	4.704950	-15.313081	2.832188	-16.051864	1.406785	-19.448172	0.321445	-20.471721	1.835400	-22.887366	2.627897	-22.908748	-1.384132	-24.890734	0.145875	-26.277156	6.924260	-20.669511	5.199454	-25.109589	9.902983	-18.377089	12.600770	-16.609000	10.040163	-22.861461	17.593711	-17.552338	16.930976	-22.024463	10.809709	-23.425682	17.755132	-20.992087	17.641577	-15.968217	18.027036	-20.736612	20.209751	-18.422498	19.756933	-24.751953	19.213092	-25.264543	22.539969	-20.077567	18.488185	-14.143161	20.591861	-14.470714	18.286377	-12.023611	23.025484	-21.415349	21.886583	-24.287305	19.965878	-26.608931	
-0.112257	0.016865	-1.033135	0.199654	-0.867515	0.555513	-2.575198	0.298847	-1.677152	1.043898	-3.073519	0.829397	-3.234017	0.628914	-2.138578	1.109364	-1.567568	1.246619	-3.847084	0.751165	-4.098436	0.964945	-4.199282	1.020569	-3.413971	1.403973	-2.774637	2.106220	-1.072103	2.412168	-0.402866	2.443894	-0.548325	2.756564	-1.213652	2.827580	-0.901600	2.972345	-0.538249	3.115684	-0.261693	3.774634	-0.051116	3.973222	-0.344853	4.441905	-0.498613	4.446053	0.279799	4.830597	-0.017052	5.099590	-1.332188	4.011598	-0.997544	4.873060	-1.910120	3.566826	-2.433553	3.223775	-1.936736	4.436903	-3.402333	3.406804	-3.273743	4.274528	-2.086044	4.546382	-3.433653	4.074217	-3.411620	3.099438	-3.486411	4.024647	-3.909921	3.575641	-3.822062	4.803742	-3.716540	4.903199	-4.362053	3.896773	-3.575888	2.745325	-3.984062	2.808880	-3.536732	2.334068	-4.456257	4.156342	-4.235276	4.713586	-3.862603	5.164050	
0.483892	-0.063046	3.609559	-0.682441	3.047595	-1.890208	8.843863	-1.018762	5.795431	-3.547751	10.535372	-2.819433	11.080035	-2.138578	7.361711	-3.769940	5.423485	-4.235824	13.160640	-2.553765	14.013708	-3.279357	14.355980	-3.468155	11.690848	-4.769580	9.520584	-7.153391	3.741947	-8.191780	1.470454	-8.299461	1.964163	-9.360712	4.222385	-9.601751	3.163234	-10.093105	1.929964	-10.579617	0.991294	-12.816192	0.276563	-13.490231	1.273550	-15.081008	1.795433	-15.095089	-0.846612	-16.400289	0.160945	-17.313291	4.624715	-13.620485	3.488882	-16.544413	6.586300	-12.110860	8.362904	-10.946498	6.676638	-15.064018	11.651055	-11.567723	11.214606	-14.512882	7.183410	-15.435601	11.757360	-13.833001	11.682578	-10.524489	11.936426	-13.664757	13.373871	-12.140777	13.075664	-16.309095	12.717513	-16.646666	14.908457	-13.230736	12.240120	-9.322585	13.625512	-9.538299	12.107221	-7.926730	15.228198	-14.111745	14.478164	-16.003096	13.213267	-17.532024	
-0.180075	0.025656	-1.811038	0.349111	-1.517669	0.979620	-4.543780	0.524704	-2.952239	1.845061	-5.426907	1.464830	-5.711276	1.109364	-3.769940	1.961144	-2.758053	2.204293	-6.797563	1.326137	-7.242951	1.704967	-7.421651	1.803539	-6.030166	2.482968	-4.897081	3.727536	-1.880168	4.269625	-0.694258	4.325843	-0.952016	4.879905	-2.130996	5.005748	-1.578031	5.262275	-0.934161	5.516275	-0.444097	6.683952	-0.070949	7.035856	-0.591458	7.866374	-0.863925	7.873725	0.515442	8.555147	-0.010587	9.031810	-2.341046	7.103859	-1.748046	8.630392	-3.365155	6.315709	-4.292684	5.707819	-3.412318	7.857491	-6.009347	6.032148	-5.781487	7.569744	-3.676895	8.051484	-6.064846	7.214795	-6.025804	5.487501	-6.158332	7.126958	-6.908787	6.331326	-6.753101	8.507503	-6.566119	8.683741	-7.709957	6.900367	-6.316883	4.860015	-7.040163	4.972634	-6.247499	4.131275	-7.876886	7.360320	-7.485312	8.347749	-6.824940	9.145965	
0.403328	-0.052602	2.685418	-0.504895	2.275215	-1.386386	6.505121	-0.750378	4.280570	-2.595919	7.739508	-2.064429	8.136980	-1.567568	5.423485	-2.758053	4.009221	-3.098034	9.655308	-1.870548	10.277836	-2.400050	10.527610	-2.537828	8.582744	-3.487594	6.998985	-5.227205	2.781951	-5.985024	1.124306	-6.063607	1.484596	-6.838065	3.132556	-7.013965	2.359630	-7.372535	1.459638	-7.727573	0.774634	-9.359738	0.253052	-9.851625	0.980613	-11.012511	1.361463	-11.022786	-0.566597	-11.975269	0.168678	-12.641542	3.426160	-9.946678	2.597275	-12.080446	4.857648	-8.845015	6.154147	-7.995306	4.923572	-11.000124	8.553739	-8.448653	8.235232	-10.597939	5.293395	-11.271297	8.631318	-10.101783	8.576744	-7.687333	8.761994	-9.979003	9.810997	-8.866851	9.593375	-11.908760	9.332007	-12.155108	10.930891	-9.662269	8.983621	-6.810221	9.994637	-6.967643	8.886636	-5.791569	11.164228	-10.305202	10.616876	-11.685451	9.693794	-12.801215	
-0.199439	0.028166	-2.033179	0.391785	-1.703332	1.100721	-5.105949	0.589226	-3.316395	2.073876	-6.098958	1.646324	-6.418706	1.246619	-4.235824	2.204293	-3.098034	2.477871	-7.640131	1.490351	-8.140929	1.916315	-8.341859	2.027148	-6.777285	2.791167	-5.503221	4.190592	-2.110932	4.800154	-0.777472	4.863366	-1.067299	5.486364	-2.392968	5.627865	-1.771203	5.916309	-1.047223	6.201912	-0.496185	7.514873	-0.076609	7.910561	-0.661881	8.844412	-0.968248	8.852678	0.582740	9.618883	-0.008737	10.154853	-2.629152	7.987025	-1.962372	9.703490	-3.780682	7.100813	-4.823619	6.417287	-3.833714	8.834432	-6.753887	6.781970	-6.497675	8.510890	-4.131210	9.052565	-6.816293	8.111774	-6.772392	6.169552	-6.921411	8.013008	-7.765245	7.118375	-7.590187	9.565334	-7.379938	9.763501	-8.666106	7.758222	-7.099691	5.463989	-7.912968	5.590621	-7.021674	4.644570	-8.853805	8.275407	-8.413507	9.385702	-7.670965	10.283240	
0.724959	-0.094295	6.374757	-1.213704	5.358683	-3.397755	15.841424	-1.821615	10.327992	-6.395704	18.901176	-5.078548	19.886429	-3.847084	13.160640	-6.797563	9.655308	-7.640131	23.651306	-4.598845	25.194876	-5.911930	25.814420	-6.253837	20.991075	-8.605968	17.065766	-12.917382	6.614332	-14.794990	2.505936	-14.989736	3.398895	-16.909198	7.483277	-17.345166	5.567622	-18.233860	3.337044	-19.113795	1.639299	-23.159010	0.346592	-24.378119	2.149807	-27.255304	3.093721	-27.280771	-1.684857	-29.641439	0.137477	-31.292755	8.210960	-24.613700	6.156606	-29.902109	11.758803	-21.883278	14.972022	-19.777385	11.922192	-27.224414	20.918848	-20.900955	20.129500	-26.227468	12.838769	-27.896422	21.111108	-24.997859	20.975859	-19.014191	21.434959	-24.693577	24.034676	-21.937355	23.495349	-29.476039	22.847608	-30.086558	26.810077	-23.908622	21.984208	-16.840459	24.489788	-17.230591	21.743844	-14.315978	27.388349	-25.501985	26.031863	-28.922620	23.744213	-31.687787	
-0.129517	0.019102	-1.231112	0.237690	-1.032979	0.663447	-3.076177	0.356329	-2.001663	1.247798	-3.672509	0.991139	-3.864539	0.751165	-2.553765	1.326137	-1.870548	1.490351	-4.598845	0.898232	-4.899810	1.154126	-5.020707	1.220901	-4.079799	1.678632	-3.314825	2.518877	-1.277755	2.884915	-0.477012	2.922874	-0.651054	3.296984	-1.447118	3.381955	-1.073748	3.555166	-0.638998	3.726671	-0.308100	4.515104	-0.056144	4.752714	-0.407600	5.313492	-0.591573	5.318456	0.339795	5.778562	-0.015387	6.100412	-1.588947	4.798631	-1.188545	5.829368	-2.280441	4.266461	-2.906724	3.856003	-2.312286	5.307499	-4.065848	4.074996	-3.911993	5.113210	-2.490933	5.438487	-4.103322	4.873541	-4.076960	3.707239	-4.166446	4.814233	-4.673167	4.277006	-4.568045	5.746403	-4.441791	5.865402	-5.214133	4.661234	-4.273503	3.283549	-4.761875	3.359592	-4.226653	2.791489	-5.326846	4.971803	-5.062448	5.638534	-4.616552	6.177505	
0.760421	-0.098892	6.781535	-1.291856	5.698661	-3.619524	16.870780	-1.939715	10.994762	-6.814661	20.131835	-5.410899	21.181903	-4.098436	14.013708	-7.242951	10.277836	-8.140929	25.194876	-4.899810	26.844370	-6.303437	27.503007	-6.666165	22.359095	-9.170263	18.175637	-13.765219	7.036885	-15.766305	2.658309	-15.973859	3.609992	-18.019550	7.962974	-18.484189	5.921340	-19.431325	3.544074	-20.369128	1.734680	-24.680368	0.356960	-25.979649	2.278761	-29.046046	3.284748	-29.073188	-1.808082	-31.589100	0.134093	-33.349012	8.738513	-26.230722	6.549058	-31.866912	12.519672	-23.320740	15.944201	-21.076357	12.693806	-29.013125	22.282110	-22.273816	21.440852	-27.950618	13.670659	-29.729326	22.487013	-26.640146	22.342870	-20.262973	22.832162	-26.315853	25.602845	-23.378373	25.028049	-31.412825	24.337711	-32.063493	28.560764	-25.479277	23.417531	-17.946290	26.087886	-18.362078	23.161360	-15.255791	29.177065	-27.177424	27.731372	-30.823011	25.293279	-33.770024	
-0.159679	0.023012	-1.577104	0.304162	-1.322154	0.852076	-3.951718	0.456780	-2.568797	1.604151	-4.719301	1.273826	-4.966467	0.964945	-3.279357	1.704967	-2.400050	1.916315	-5.911930	1.154126	-6.303437	1.488337	-6.457300	1.572028	-5.243365	2.158552	-4.258812	3.239979	-1.637168	3.711057	-0.606637	3.759910	-0.830623	4.241378	-1.855133	4.350733	-1.374618	4.573650	-0.815108	4.794371	-0.389252	5.809060	-0.064994	6.114857	-0.517306	6.836561	-0.754074	6.842948	0.444568	7.435091	-0.012540	7.849302	-2.037662	6.173950	-1.522358	7.500477	-2.927593	5.489064	-3.733600	4.960818	-2.968578	6.828847	-5.225356	5.242655	-5.027349	6.578804	-3.198490	6.997425	-5.273584	6.270358	-5.239657	4.769364	-5.354822	6.194029	-6.006957	5.502636	-5.871667	7.393703	-5.709183	7.546851	-6.703162	5.997124	-5.492601	4.224088	-6.121121	4.321952	-5.432307	3.590823	-6.848221	6.396817	-6.507948	7.254879	-5.934095	7.948517	
0.774650	-0.100736	6.944746	-1.323213	5.835067	-3.708504	17.283776	-1.987103	11.262287	-6.982754	20.625590	-5.544239	21.701668	-4.199282	14.355980	-7.421651	10.527610	-8.341859	25.814420	-5.020707	27.503007	-6.457300	28.210088	-6.867692	22.908075	-9.396782	18.621032	-14.105497	7.206416	-16.156093	2.719389	-16.368786	3.694643	-18.465147	8.155442	-18.941294	6.063240	-19.911890	3.627093	-20.872920	1.772884	-25.290940	0.361040	-26.622402	2.330440	-29.764747	3.361344	-29.792561	-1.857625	-32.370788	0.132654	-34.174289	8.950189	-26.879693	6.706505	-32.655480	12.824999	-23.897634	16.334341	-21.597668	13.003446	-29.730993	22.829189	-22.824783	21.967100	-28.642156	14.004493	-30.464927	23.039167	-27.299233	22.891454	-20.764146	23.392862	-26.966910	26.232153	-23.956691	25.643124	-32.190095	24.935692	-32.856876	29.263318	-26.109619	23.992726	-18.390096	26.729206	-18.816180	23.730210	-15.632975	29.894880	-27.849816	28.413388	-31.585677	25.914922	-34.605665	
-0.167528	0.024030	-1.667133	0.321460	-1.397395	0.901158	-4.179525	0.482922	-2.716365	1.696870	-4.991649	1.347372	-5.253164	1.020569	-3.468155	1.803539	-2.537828	2.027148	-6.253837	1.220901	-6.666165	1.572028	-6.867692	1.709468	-5.546262	2.283587	-4.504564	3.427761	-1.730677	3.926123	-0.640285	3.977811	-0.877282	4.487247	-1.961300	4.602955	-1.452874	4.838820	-0.860866	5.072360	-0.410274	6.145984	-0.067182	6.469543	-0.545766	7.233165	-0.796286	7.239924	0.471977	7.866460	-0.011682	8.304729	-2.154432	6.532068	-1.609194	7.935644	-3.096051	5.807399	-3.948863	5.248479	-3.139416	7.224978	-5.527210	5.546682	-5.317710	6.960392	-3.382681	7.403338	-5.578238	6.634041	-5.542342	5.045917	-5.664191	6.553282	-6.354182	5.821754	-6.211039	7.822594	-6.039122	7.984632	-7.090801	6.344947	-5.809968	4.468988	-6.474973	4.572533	-5.746173	3.798964	-7.244280	6.767841	-6.884255	7.675712	-6.277090	8.409614	
0.663861	-0.086375	5.673910	-1.079063	4.772917	-3.015667	14.067900	-1.618162	9.179194	-5.673858	16.780824	-4.505918	17.654359	-3.413971	11.690848	-6.030166	8.582744	-6.777285	20.991075	-4.079799	22.359095	-5.243365	22.908075	-5.546262	18.634766	-7.634607	15.154205	-11.457420	5.886245	-13.122035	2.242984	-13.294722	3.034846	-14.996873	6.656801	-15.383487	4.958034	-16.171561	2.980002	-16.951868	1.474473	-20.539078	0.328127	-21.620157	1.927182	-24.171585	2.764225	-24.194169	-1.473318	-26.287558	0.142689	-27.751912	7.302099	-21.829061	5.480330	-26.518712	10.448244	-19.407767	13.297607	-17.540345	10.593133	-24.144059	18.570848	-18.536688	17.870906	-23.259885	11.405929	-24.739931	18.741330	-22.169549	18.621401	-16.863627	19.028500	-21.899731	21.333758	-19.455694	20.855517	-26.140502	20.281143	-26.681870	23.794799	-21.203685	19.515535	-14.936099	21.737322	-15.282041	19.302389	-12.697568	24.307572	-22.616574	23.104730	-25.649767	21.076193	-28.101734	
-0.221633	0.031043	-2.287737	0.440707	-1.916053	1.239503	-5.749918	0.663152	-3.733613	2.336019	-6.869078	1.854401	-7.229459	1.403973	-4.769580	2.482968	-3.487594	2.791167	-8.605968	1.678632	-9.170263	2.158552	-9.396782	2.283587	-7.634607	3.146898	-6.199350	4.723100	-2.375209	5.409264	-0.871784	5.480505	-1.198554	6.182916	-2.693168	6.342464	-1.992165	6.667662	-1.175927	6.989650	-0.554665	8.469905	-0.081628	8.916009	-0.741478	9.968855	-1.086884	9.978175	0.661735	10.842006	-0.005107	11.446271	-2.959454	9.002207	-2.207685	10.937387	-4.257695	8.003039	-5.433389	7.232521	-4.317481	9.957258	-7.608879	7.643634	-7.320112	9.592215	-4.652873	10.203051	-7.679212	9.142392	-7.629735	6.953393	-7.797686	9.031075	-8.748737	8.022765	-8.551434	10.780634	-8.314472	11.003979	-9.764055	8.743916	-7.998610	6.158166	-8.915233	6.300884	-7.910663	5.234667	-9.975603	9.326813	-9.479362	10.578178	-8.642475	11.589753	
0.573642	-0.074680	4.639036	-0.880239	3.907992	-2.451468	11.449001	-1.317682	7.482884	-4.608011	13.649969	-3.660523	14.358671	-2.774637	9.520584	-4.897081	6.998985	-5.503221	17.065766	-3.314825	18.175637	-4.258812	18.621032	-4.504564	15.154205	-6.199350	12.331570	-9.300581	4.811326	-10.651210	1.855141	-10.791333	2.497665	-12.172479	5.436569	-12.486182	4.058166	-13.125637	2.453163	-13.758789	1.231557	-16.669504	0.301395	-17.546707	1.598891	-19.616973	2.278079	-19.635298	-1.160324	-21.333904	0.150927	-22.522101	5.960174	-17.716218	4.481965	-21.521467	8.513003	-15.751546	10.825033	-14.236286	8.630571	-19.594666	15.103856	-15.044737	14.535908	-18.877242	9.290089	-20.078171	15.242190	-17.992520	15.144876	-13.687177	15.475206	-17.773584	17.345742	-15.790439	16.957687	-21.214638	16.491628	-21.653916	19.342685	-17.208797	15.870397	-12.123141	17.673203	-12.403847	15.697454	-10.306728	19.758761	-18.355246	18.782748	-20.816445	17.136749	-22.806025	
-0.320732	0.043889	-3.424450	0.659105	-2.866079	1.859225	-8.626497	0.993221	-5.596844	3.506732	-10.307931	2.782971	-10.849346	2.106220	-7.153391	3.727536	-5.227205	4.190592	-12.917382	2.518877	-13.765219	3.239979	-14.105497	3.427761	-11.457420	4.723100	-9.300581	7.093227	-3.555849	8.123788	-1.297356	8.230805	-1.788243	9.285988	-4.033492	9.525666	-2.980427	10.014186	-1.754253	10.497886	-0.820975	12.721561	-0.110367	13.391708	-1.101611	14.973321	-1.620489	14.987322	1.006331	16.284990	0.004584	17.192732	-4.433512	13.521195	-3.304185	16.428272	-6.383761	12.020220	-8.149899	10.862733	-6.473569	14.955868	-11.417927	11.480318	-10.984142	14.407484	-6.977399	15.325099	-11.523583	13.731757	-11.449257	10.443433	-11.701555	13.564537	-13.130227	12.049850	-12.833838	16.192731	-12.477873	16.528240	-14.655442	13.133165	-12.003384	9.248839	-13.380338	9.463233	-11.871284	7.861520	-14.973230	14.008796	-14.227775	15.888600	-12.970601	17.408193	
0.333407	-0.043539	1.883479	-0.350769	1.605077	-0.949168	4.476126	-0.517422	2.966174	-1.770129	5.313966	-1.409352	5.583752	-1.072103	3.741947	-1.880168	2.781951	-2.110932	6.614332	-1.277755	7.036885	-1.637168	7.206416	-1.730677	5.886245	-2.375209	4.811326	-3.555849	1.950001	-4.069632	0.825101	-4.122907	1.069594	-4.648463	2.187889	-4.767839	1.663388	-5.011154	1.052666	-5.252073	0.587830	-6.359625	0.233894	-6.693406	0.727604	-7.481163	0.986043	-7.488137	-0.322302	-8.134469	0.176640	-8.586589	2.387119	-6.757894	1.824645	-8.205833	3.358483	-6.010316	4.238171	-5.433772	3.403208	-7.472558	5.866130	-5.741384	5.650043	-7.199536	3.654149	-7.656511	5.918762	-6.862926	5.881737	-5.224871	6.007418	-6.779627	6.719102	-6.025098	6.571458	-8.088846	6.394136	-8.255978	7.478879	-6.564743	6.157775	-4.629796	6.843692	-4.736596	6.091972	-3.938709	7.637183	-7.000932	7.265839	-7.937345	6.639585	-8.694321	
-0.363907	0.049486	-3.919639	0.754277	-3.279882	2.129202	-9.879439	1.137097	-6.408500	4.016654	-11.805628	3.187457	-12.425854	2.412168	-8.191780	4.269625	-5.985024	4.800154	-14.794990	2.884915	-15.766305	3.711057	-16.156093	3.926123	-13.122035	5.409264	-10.651210	8.123788	-4.069632	9.306948	-1.482158	9.429402	-2.044537	10.638245	-4.616753	10.912820	-3.410337	11.472465	-2.005602	12.026615	-0.936427	14.574131	-0.122323	15.341868	-1.257920	17.153807	-1.852362	17.169848	1.156994	18.656493	0.009365	19.696427	-5.074969	15.490170	-3.781252	18.820631	-7.309229	13.770700	-9.332679	12.444465	-7.412073	17.134280	-13.078012	13.152050	-12.580884	16.506699	-7.989252	17.557564	-13.199103	15.732288	-13.113920	11.963768	-13.403065	15.540652	-15.040370	13.804782	-14.700701	18.552654	-14.292753	18.937160	-16.788323	15.046286	-13.748987	10.594745	-15.327003	10.840455	-13.597630	9.004750	-17.152519	16.049789	-16.298201	18.204110	-14.857436	19.945617	
0.238975	-0.031298	0.800317	-0.142648	0.699832	-0.358642	1.735186	-0.202868	1.190730	-0.654595	2.037161	-0.524443	2.134402	-0.402866	1.470454	-0.694258	1.124306	-0.777472	2.505936	-0.477012	2.658309	-0.606637	2.719389	-0.640285	2.242984	-0.871784	1.855141	-1.297356	0.825101	-1.482158	0.420419	-1.501346	0.508352	-1.690485	0.910765	-1.733439	0.722024	-1.821006	0.502255	-1.907700	0.334985	-2.306278	0.207615	-2.426402	0.385282	-2.709886	0.478283	-2.712394	0.007454	-2.944996	0.187010	-3.107698	0.982492	-2.449646	0.780063	-2.970692	1.332072	-2.180606	1.648773	-1.973114	1.348211	-2.706963	2.234685	-2.083821	2.156911	-2.608619	1.438553	-2.773149	2.253624	-2.487471	2.240301	-1.897926	2.285532	-2.457491	2.541671	-2.185933	2.488533	-2.928686	2.424714	-2.988837	2.815118	-2.380153	2.339646	-1.683765	2.586508	-1.722200	2.315950	-1.435085	2.872093	-2.537140	2.738445	-2.874160	2.513053	-3.146599	
-0.368384	0.050066	-3.970988	0.764144	-3.322795	2.157197	-10.009374	1.152011	-6.492667	4.069535	-11.960960	3.229405	-12.589363	2.443894	-8.299461	4.325843	-6.063607	4.863366	-14.989736	2.922874	-15.973859	3.759910	-16.368786	3.977811	-13.294722	5.480505	-10.791333	8.230805	-4.122907	9.429402	-1.501346	9.553711	-2.071163	10.778394	-4.677289	11.056567	-3.454970	11.623604	-2.031708	12.185069	-0.948434	14.766170	-0.123601	15.544033	-1.274171	17.379865	-1.876450	17.396116	1.172589	18.902367	0.009826	19.956013	-5.141555	15.694308	-3.830773	19.068676	-7.405296	13.952150	-9.455427	12.608425	-7.509492	17.360084	-13.250123	13.325342	-12.746443	16.724206	-8.094285	17.788943	-13.372810	15.939588	-13.286504	12.121397	-13.579461	15.745426	-15.238347	13.986676	-14.894200	18.797129	-14.480875	19.186702	-17.009339	15.244544	-13.929941	10.734328	-15.528758	10.983277	-13.776589	9.123375	-17.378335	16.261274	-16.512756	18.443990	-15.053001	20.208451	
0.259500	-0.033958	1.035743	-0.187883	0.896587	-0.486993	2.330929	-0.271237	1.576623	-0.897056	2.749374	-0.716778	2.884118	-0.548325	1.964163	-0.952016	1.484596	-1.067299	3.398895	-0.651054	3.609992	-0.830623	3.694643	-0.877282	3.034846	-1.198554	2.497665	-1.788243	1.069594	-2.044537	0.508352	-2.071163	0.630405	-2.333405	1.188360	-2.392969	0.926651	-2.514390	0.621912	-2.634605	0.389959	-3.187267	0.213356	-3.353826	0.459714	-3.746909	0.588672	-3.750387	-0.064185	-4.072904	0.184784	-4.298509	1.287798	-3.386033	1.007122	-4.108527	1.772516	-3.012988	2.211577	-2.725287	1.794868	-3.742752	3.023974	-2.878789	2.916138	-3.606447	1.920115	-3.834534	3.050236	-3.438469	3.031761	-2.621036	3.094477	-3.396901	3.449626	-3.020371	3.375948	-4.050236	3.287460	-4.133639	3.828775	-3.289668	3.169509	-2.324085	3.511797	-2.377379	3.136662	-1.979250	3.907773	-3.507338	3.722463	-3.974633	3.409946	-4.352384	
-0.412503	0.055785	-4.477045	0.861379	-3.745729	2.433093	-11.289952	1.298972	-7.322161	4.590718	-13.491898	3.642838	-14.200915	2.756564	-9.360712	4.879905	-6.838065	5.486364	-16.909198	3.296984	-18.019550	4.241378	-18.465147	4.487247	-14.996873	6.182916	-12.172479	9.285988	-4.648463	10.638245	-1.690485	10.778394	-2.333405	12.160412	-5.273996	12.474240	-3.894809	13.114047	-2.288897	13.747565	-1.066602	16.659889	-0.135924	17.537571	-1.434146	19.608992	-2.113715	19.627330	1.326601	21.326870	0.014625	22.515730	-5.797829	17.707117	-4.318834	21.514519	-8.352064	15.741391	-10.665214	14.225248	-8.469613	19.586560	-14.946745	15.034158	-14.378446	18.869076	-9.129436	20.070439	-15.085173	17.983796	-14.987793	13.675751	-15.318335	17.764724	-17.190048	15.780334	-16.801749	21.207943	-16.335396	21.647497	-19.188248	17.199581	-15.713780	12.110722	-17.517719	12.391611	-15.540756	10.293081	-19.604584	18.346752	-18.627957	20.809499	-16.980923	22.800330	
0.353380	-0.046128	2.112576	-0.394789	1.796542	-1.074070	5.055854	-0.583955	3.341694	-2.006072	6.007029	-1.596516	6.313307	-1.213652	4.222385	-2.130996	3.132556	-2.392968	7.483277	-1.447118	7.962974	-1.855133	8.155442	-1.961300	6.656801	-2.693168	5.436569	-4.033492	2.187889	-4.616753	0.910765	-4.677289	1.188360	-5.273996	2.458115	-5.409556	1.862550	-5.685787	1.169143	-5.959324	0.641373	-7.216821	0.239521	-7.595791	0.800073	-8.490200	1.093503	-8.498120	-0.391977	-9.231956	0.174515	-9.745288	2.684246	-7.668992	2.045638	-9.312968	3.787111	-6.820210	4.785855	-6.165616	3.837887	-8.480351	6.634163	-6.514872	6.388828	-8.170390	4.122786	-8.689212	6.693920	-7.788219	6.651883	-5.928445	6.794575	-7.693645	7.602589	-6.836986	7.434961	-9.180072	7.233638	-9.369826	8.465205	-7.449674	6.965284	-5.252821	7.744044	-5.374077	6.890576	-4.468183	8.644936	-7.944904	8.223329	-9.008065	7.512310	-9.867501	
-0.422523	0.057084	-4.591984	0.883463	-3.841789	2.495756	-11.580808	1.332350	-7.510562	4.709093	-13.839619	3.736741	-14.566946	2.827580	-9.601751	5.005748	-7.013965	5.627865	-17.345166	3.381955	-18.484189	4.350733	-18.941294	4.602955	-15.383487	6.342464	-12.486182	9.525666	-4.767839	10.912820	-1.733439	11.056567	-2.392969	12.474240	-5.409556	12.796300	-3.994711	13.452575	-2.347306	14.102452	-1.093431	17.090032	-0.138699	17.990390	-1.470466	20.115336	-2.167598	20.134149	1.361615	21.877603	0.015738	23.097182	-5.946895	18.164296	-4.429695	22.070085	-8.567104	16.147791	-10.939997	14.592491	-8.687688	20.092272	-15.332101	15.422293	-14.749126	19.356251	-9.364554	20.588645	-15.474104	18.448108	-15.374210	14.028804	-15.713288	18.223378	-17.633339	16.187740	-17.235012	21.755521	-16.756615	22.206427	-19.683145	17.643640	-16.118945	12.423357	-17.969473	12.711499	-15.941453	10.558771	-20.110233	18.820438	-19.108383	21.346787	-17.418813	23.389033	
0.309349	-0.040420	1.607520	-0.297746	1.374446	-0.798719	3.777810	-0.437284	2.513841	-1.485922	4.479125	-1.183901	4.704950	-0.901600	3.163234	-1.578031	2.359630	-1.771203	5.567622	-1.073748	5.921340	-1.374618	6.063240	-1.452874	4.958034	-1.992165	4.058166	-2.980427	1.663388	-3.410337	0.722024	-3.454970	0.926651	-3.894809	1.862550	-3.994711	1.423650	-4.198346	0.912493	-4.399971	0.523449	-5.326897	0.227242	-5.606248	0.640442	-6.265544	0.856735	-6.271379	-0.238256	-6.812311	0.179321	-7.190704	2.029284	-5.660204	1.558586	-6.872008	2.842227	-5.034553	3.578468	-4.552038	2.879671	-6.258328	4.940915	-4.809482	4.760070	-6.029818	3.089689	-6.412279	4.984963	-5.748107	4.953977	-4.377209	5.059159	-5.678393	5.654772	-5.046923	5.531207	-6.774086	5.382806	-6.913960	6.290633	-5.498555	5.184994	-3.879189	5.759041	-3.968569	5.129919	-3.300826	6.423119	-5.863605	6.112339	-6.647294	5.588224	-7.280812	
-0.442950	0.059732	-4.826287	0.928482	-4.037605	2.623495	-12.173708	1.400393	-7.894613	4.950397	-14.548431	3.928158	-15.313081	2.972345	-10.093105	5.262275	-7.372535	5.916309	-18.233860	3.555166	-19.431325	4.573650	-19.911890	4.838820	-16.171561	6.667662	-13.125637	10.014186	-5.011154	11.472465	-1.821006	11.623604	-2.514390	13.114047	-5.685787	13.452575	-4.198346	14.142634	-2.466383	14.825838	-1.148134	17.966763	-0.144407	18.913336	-1.544532	21.147354	-2.277445	21.167131	1.432920	23.000075	0.017961	24.282254	-6.250742	19.096178	-4.655654	23.202433	-9.005453	16.976158	-11.500118	15.341030	-9.132215	21.123076	-16.117611	16.213424	-15.504720	20.349262	-9.843821	21.644918	-16.266902	19.394515	-16.161881	14.748424	-16.518361	19.158253	-18.536944	17.018150	-18.118175	22.871656	-17.615228	23.345701	-20.691940	18.548764	-16.944835	13.060586	-18.890328	13.363515	-16.758235	11.100310	-21.140945	19.785951	-20.087683	22.441947	-18.311409	24.588995	
0.258078	-0.033774	1.019434	-0.184750	0.882958	-0.478102	2.289662	-0.266500	1.549892	-0.880261	2.700042	-0.703455	2.832188	-0.538249	1.929964	-0.934161	1.459638	-1.047223	3.337044	-0.638998	3.544074	-0.815108	3.627093	-0.860866	2.980002	-1.175927	2.453163	-1.754253	1.052666	-2.005602	0.502255	-2.031708	0.621912	-2.288897	1.169143	-2.347306	0.912493	-2.466383	0.613701	-2.584266	0.386152	-3.126270	0.212961	-3.289614	0.454571	-3.675119	0.581042	-3.678529	-0.059221	-3.994819	0.184941	-4.216071	1.266659	-3.321186	0.991432	-4.029728	1.742014	-2.955350	2.172596	-2.673204	1.763935	-3.671021	2.969308	-2.823742	2.863555	-3.537351	1.886762	-3.761032	2.995063	-3.372617	2.976945	-2.570965	3.038451	-3.331851	3.386743	-2.962591	3.314488	-3.972572	3.227708	-4.054365	3.758572	-3.226688	3.112034	-2.279748	3.447714	-2.332013	3.079821	-1.941572	3.836045	-3.440156	3.654313	-3.898429	3.347829	-4.268887	
-0.463176	0.062354	-5.058280	0.973058	-4.231492	2.749976	-12.760766	1.467766	-8.274881	5.189324	-15.250259	4.117688	-16.051864	3.115684	-10.579617	5.516275	-7.727573	6.201912	-19.113795	3.726671	-20.369128	4.794371	-20.872920	5.072360	-16.951868	6.989650	-13.758789	10.497886	-5.252073	12.026615	-1.907700	12.185069	-2.634605	13.747565	-5.959324	14.102452	-4.399971	14.825838	-2.584266	15.542151	-1.202301	18.834881	-0.150050	19.827211	-1.617859	22.169220	-2.386201	22.189954	1.503518	24.111496	0.020164	25.455656	-6.551578	20.018888	-4.879373	24.323658	-9.439467	17.796374	-12.054714	16.082198	-9.572355	22.143733	-16.895387	16.996768	-16.252872	21.332506	-10.318356	22.690801	-17.051894	20.331613	-16.941796	15.460957	-17.315506	20.083931	-19.431655	17.840388	-18.992646	23.976818	-18.465390	24.473776	-21.690811	19.444983	-17.762592	13.691536	-19.802121	14.009107	-17.566974	11.636508	-22.161518	20.741969	-21.057348	23.526340	-19.195219	25.777164	
0.219055	-0.028716	0.571829	-0.098746	0.508876	-0.234073	1.156999	-0.136514	0.816209	-0.419279	1.345940	-0.337777	1.406785	-0.261693	0.991294	-0.444097	0.774634	-0.496185	1.639299	-0.308100	1.734680	-0.389252	1.772884	-0.410274	1.474473	-0.554665	1.231557	-0.820975	0.587830	-0.936427	0.334985	-0.948434	0.389959	-1.066602	0.641373	-1.093431	0.523449	-1.148134	0.386152	-1.202301	0.281790	-1.451290	0.202139	-1.526343	0.313122	-1.703408	0.371214	-1.704975	0.077126	-1.850290	0.189294	-1.951912	0.686195	-1.540908	0.559710	-1.866368	0.904607	-1.372821	1.102551	-1.243177	0.914717	-1.701764	1.468674	-1.312348	1.420074	-1.640281	0.971180	-1.743113	1.480507	-1.564579	1.472183	-1.196188	1.500445	-1.545845	1.660499	-1.376157	1.627296	-1.840282	1.587417	-1.877869	1.831369	-1.497519	1.534260	-1.062372	1.688514	-1.086387	1.519445	-0.907004	1.866972	-1.595616	1.783459	-1.806210	1.642617	-1.976451	
-0.556156	0.074407	-6.124793	1.177981	-5.122820	3.331426	-15.459569	1.777488	-10.023034	6.287708	-18.476679	4.988992	-19.448172	3.774634	-12.816192	6.683952	-9.359738	7.514873	-23.159010	4.515104	-24.680368	5.809060	-25.290940	6.145984	-20.539078	8.469905	-16.669504	12.721561	-6.359625	14.574131	-2.306278	14.766170	-3.187267	16.659889	-7.216821	17.090032	-5.326897	17.966763	-3.126270	18.834881	-1.451290	22.825844	-0.175939	24.028516	-1.954938	26.867066	-2.886180	26.892199	1.828195	29.221121	0.030356	30.850254	-7.934611	24.260737	-5.907958	29.478226	-11.434727	21.567041	-14.604299	19.489484	-11.595764	26.835870	-20.470946	20.597934	-19.692251	25.852634	-12.499891	27.498893	-20.660627	24.639601	-20.527193	18.736602	-20.980112	24.339422	-23.544783	21.620353	-23.012724	29.057412	-22.373715	29.659700	-26.282770	23.565048	-21.521957	16.592137	-23.993773	16.977019	-21.284880	14.101526	-26.853243	25.136932	-25.515043	28.511454	-23.258233	31.239343	
0.189342	-0.024864	0.231010	-0.033260	0.224039	-0.048262	0.294557	-0.037537	0.257562	-0.068274	0.314890	-0.059339	0.321445	-0.051116	0.276563	-0.070949	0.253052	-0.076609	0.346592	-0.056144	0.356960	-0.064994	0.361040	-0.067182	0.328127	-0.081628	0.301395	-0.110367	0.233894	-0.122323	0.207615	-0.123601	0.213356	-0.135924	0.239521	-0.138699	0.227242	-0.144407	0.212961	-0.150050	0.202139	-0.175939	0.193940	-0.183722	0.205411	-0.202122	0.211444	-0.202284	0.180894	-0.217422	0.192565	-0.227987	0.244229	-0.185359	0.231011	-0.219144	0.266995	-0.167844	0.287795	-0.154325	0.268109	-0.202316	0.326049	-0.161538	0.320968	-0.195800	0.274041	-0.206609	0.327281	-0.187892	0.326414	-0.149405	0.329364	-0.185934	0.346085	-0.168208	0.342617	-0.216694	0.338450	-0.220621	0.363935	-0.180886	0.332897	-0.135440	0.349006	-0.137945	0.331331	-0.119271	0.367656	-0.191134	0.358931	-0.213135	0.344217	-0.230920	
