0.158379	-0.016903	0.232230	-0.713906	0.373284	-0.173743	0.272670	-0.804188	0.268287	-0.907326	0.373300	-0.867501	0.186480	-1.095732	0.125044	-1.152160	0.207839	-1.288508	0.252024	-1.290391	0.025941	-1.398861	0.111222	-1.476308	0.463570	-0.827061	0.493395	-1.167816	0.424386	-0.707317	0.661079	-1.042100	0.812795	-0.945209	0.571366	-0.374066	0.603350	-0.316391	0.735315	-0.336739	0.914932	-0.624850	0.863194	-0.105988	1.004272	-0.259599	1.050976	-0.202574	1.100533	-0.426059	1.226522	-0.239536	1.297714	-0.301581	1.280469	-0.359900	1.326550	-0.317569	1.133459	-0.693131	1.426883	-0.735118	1.260437	-0.831367	1.143188	-0.811627	1.094598	-0.912889	1.236311	-1.051745	1.090852	-1.001289	1.365151	-1.145770	1.391497	-1.220681	1.112819	-1.179343	1.097465	-1.193448	1.050756	-1.250511	1.206567	-1.404727	1.325687	-1.380262	1.175849	-1.432948	0.665173	-1.293167	0.708125	-1.324531	1.216916	-1.508495	
-0.016903	0.003226	-0.024778	0.077545	-0.039818	0.019950	-0.029090	0.087171	-0.028622	0.098169	-0.039819	0.093922	-0.019900	0.118258	-0.013349	0.124274	-0.022177	0.138812	-0.026888	0.139013	-0.002782	0.150579	-0.011875	0.158837	-0.049445	0.089610	-0.052625	0.125944	-0.045267	0.076842	-0.070504	0.112539	-0.086681	0.102208	-0.060938	0.041309	-0.064349	0.035160	-0.078420	0.037329	-0.097572	0.068049	-0.092055	0.012725	-0.107097	0.029104	-0.112077	0.023024	-0.117361	0.046853	-0.130795	0.026965	-0.138386	0.033580	-0.136547	0.039799	-0.141461	0.035285	-0.120872	0.075330	-0.152159	0.079807	-0.134411	0.090069	-0.121910	0.087965	-0.116729	0.098762	-0.131839	0.113567	-0.116329	0.108187	-0.145577	0.123593	-0.148386	0.131580	-0.118671	0.127173	-0.117034	0.128677	-0.112054	0.134761	-0.128667	0.151204	-0.141369	0.148596	-0.125392	0.154214	-0.070941	0.139309	-0.075520	0.142654	-0.129771	0.162269	
0.232230	-0.024778	0.431709	-1.502954	0.719615	-0.347973	0.517309	-1.694344	0.508028	-1.912947	0.730623	-1.828513	0.334669	-2.312249	0.204454	-2.431846	0.379928	-2.720816	0.473562	-2.724799	-0.005583	-2.954698	0.175162	-3.118834	0.921955	-1.742786	0.985235	-2.465277	0.838925	-1.488974	1.340754	-2.198734	1.662529	-1.993244	1.150332	-0.782012	1.218308	-0.659335	1.498579	-0.702565	1.879445	-1.314006	1.769700	-0.213228	2.068814	-0.538943	2.167846	-0.418031	2.272943	-0.891991	2.540132	-0.496422	2.691111	-0.627998	2.654536	-0.751675	2.752267	-0.661906	2.342675	-1.458539	2.965084	-1.547587	2.612012	-1.751763	2.363312	-1.709889	2.260252	-1.924674	2.560836	-2.219198	2.252308	-2.112176	2.834117	-2.418629	2.890000	-2.577520	2.298901	-2.489839	2.266334	-2.519756	2.167261	-2.640791	2.497747	-2.967894	2.750410	-2.916002	2.432592	-3.027753	1.349423	-2.731258	1.440528	-2.797786	2.519699	-3.187995	
-0.713906	0.077545	-1.502954	7.269784	-2.950958	1.716013	-1.918590	8.197786	-1.873545	9.257914	-2.952948	8.848551	-1.032680	11.194477	-0.401190	11.774484	-1.252222	13.175962	-1.706378	13.195322	0.617462	14.310252	-0.259118	15.106309	-3.880811	8.432877	-4.187388	11.935441	-3.478053	7.202059	-5.910980	10.643228	-7.470450	9.647302	-4.988780	3.776616	-5.317557	3.183730	-6.674068	3.392894	-8.520345	6.354412	-7.988511	1.021036	-9.438624	2.599973	-9.918686	2.013826	-10.428081	4.310998	-11.723109	2.393755	-12.454878	3.031507	-12.277616	3.630960	-12.751277	3.195851	-10.766512	7.056216	-13.782586	7.487798	-12.071707	8.477127	-10.866516	8.274228	-10.367066	9.315086	-11.823721	10.742370	-10.328565	10.223737	-13.148051	11.708840	-13.418862	12.478842	-10.554353	12.053932	-10.396532	12.198917	-9.916420	12.785459	-11.517979	14.370629	-12.742405	14.119155	-11.202233	14.660709	-5.953057	13.223917	-6.394554	13.546310	-11.624360	15.437255	
0.373284	-0.039818	0.719615	-2.950958	1.338274	-0.671710	0.891700	-3.334857	0.873062	-3.773427	1.319594	-3.604103	0.525148	-4.574618	0.263900	-4.814571	0.615996	-5.394404	0.803907	-5.402428	-0.157540	-5.863681	0.205118	-6.193037	1.703443	-3.432156	1.830162	-4.880691	1.536789	-2.922994	2.543000	-4.346268	3.187725	-3.934515	2.161910	-1.507251	2.297574	-1.262779	2.857670	-1.349130	3.621237	-2.572787	3.401306	-0.368385	4.001024	-1.021324	4.199542	-0.778930	4.410163	-1.728716	4.945615	-0.936009	5.248175	-1.199707	5.174888	-1.447566	5.370720	-1.267656	4.550294	-2.863447	5.797041	-3.041878	5.089835	-3.450809	4.591633	-3.366941	4.385160	-3.797220	4.987327	-4.387243	4.369243	-4.172848	5.534787	-4.786779	5.646739	-5.105090	4.462580	-4.929437	4.397338	-4.989372	4.198865	-5.231844	4.860934	-5.887137	5.367100	-5.783179	4.730407	-6.007053	2.560423	-5.413119	2.742934	-5.546389	4.904911	-6.328069	
-0.173743	0.019950	-0.347973	1.716013	-0.671710	0.534569	-0.437364	1.915384	-0.427683	2.143151	-0.659583	2.055218	-0.246991	2.559248	-0.111314	2.683866	-0.294174	2.985002	-0.391768	2.989171	0.107561	3.228720	-0.080785	3.399772	-0.858931	1.965922	-0.924727	2.718148	-0.772376	1.701496	-1.294908	2.440620	-1.629690	2.226810	-1.097048	0.966401	-1.167460	0.839534	-1.458209	0.884358	-1.854730	1.519670	-1.740524	0.375076	-2.051960	0.714142	-2.155048	0.588268	-2.264419	1.081465	-2.542465	0.669834	-2.699576	0.806766	-2.661521	0.935474	-2.763210	0.842051	-2.337208	1.670663	-2.984577	1.763316	-2.617365	1.975648	-2.358674	1.932101	-2.251461	2.155524	-2.564138	2.461895	-2.243196	2.350570	-2.848408	2.669355	-2.906539	2.834640	-2.291662	2.743431	-2.257785	2.774553	-2.154727	2.900457	-2.498508	3.240719	-2.761336	3.186739	-2.430732	3.302986	-1.303959	2.994587	-1.398728	3.063787	-2.521343	3.469675	
0.272670	-0.029090	0.517309	-1.918590	0.891700	-0.437364	0.627635	-2.164795	0.615639	-2.446007	0.901955	-2.337410	0.392589	-2.959697	0.225085	-3.113546	0.450830	-3.485301	0.571298	-3.490436	-0.045120	-3.786176	0.187399	-3.997339	1.148053	-2.227141	1.229412	-3.156278	1.041249	-1.900683	1.686627	-2.813499	2.100330	-2.549296	1.441707	-0.992036	1.529033	-0.834461	1.889164	-0.890034	2.379070	-1.675959	2.237846	-0.260798	2.622500	-0.679640	2.749844	-0.524156	2.884980	-1.133570	3.228532	-0.624949	3.422661	-0.794133	3.375634	-0.953158	3.501293	-0.837732	2.974732	-1.861908	3.774883	-1.976397	3.320989	-2.238869	3.001262	-2.185039	2.868768	-2.461167	3.255200	-2.839808	2.858554	-2.702221	3.606530	-3.096199	3.678372	-3.300471	2.918454	-3.187747	2.876585	-3.226209	2.749218	-3.381812	3.174091	-3.802338	3.498916	-3.735625	3.090328	-3.879293	1.697785	-3.498129	1.814910	-3.583656	3.202313	-4.085301	
-0.804188	0.087171	-1.694344	8.197786	-3.334857	1.915384	-2.164795	9.248241	-2.113817	10.448061	-3.335485	9.984742	-1.162095	12.639879	-0.447378	13.296329	-1.410593	14.882551	-1.924622	14.904471	0.705545	16.166346	-0.286576	17.067343	-4.385605	9.514275	-4.732560	13.478203	-3.929784	8.121288	-6.683187	12.015793	-8.447892	10.888788	-5.639292	4.245569	-6.011275	3.574757	-7.546097	3.811480	-9.635825	7.162567	-9.033696	1.127287	-10.674782	2.914137	-11.218054	2.250807	-11.794513	4.850393	-13.260029	2.680750	-14.088134	3.402465	-13.887537	4.080837	-14.423551	3.588444	-12.177641	7.956825	-15.590537	8.445203	-13.654566	9.564686	-12.290803	9.335093	-11.725638	10.512904	-13.373954	12.127984	-11.682071	11.541112	-14.872534	13.221622	-15.178977	14.092938	-11.937567	13.612119	-11.758980	13.776180	-11.215697	14.439899	-13.027984	16.233639	-14.413515	15.949077	-12.670692	16.561887	-6.730821	14.936066	-7.230411	15.300874	-13.148362	17.440609	
0.268287	-0.028622	0.508028	-1.873545	0.873062	-0.427683	0.615639	-2.113817	0.604081	-2.388206	0.883415	-2.282260	0.386321	-2.889570	0.222848	-3.039710	0.443154	-3.402502	0.560723	-3.407518	-0.040836	-3.696128	0.186075	-3.902194	1.123571	-2.174656	1.202952	-3.081372	1.019339	-1.856075	1.649139	-2.746859	2.052875	-2.489022	1.410149	-0.969289	1.495378	-0.815497	1.846850	-0.869731	2.324913	-1.636730	2.187117	-0.255672	2.562491	-0.664411	2.686764	-0.512678	2.818641	-1.107397	3.153908	-0.611041	3.343356	-0.776144	3.297463	-0.931334	3.420092	-0.818692	2.906214	-1.818188	3.687094	-1.929919	3.244132	-2.186070	2.932106	-2.133537	2.802803	-2.403013	3.179927	-2.772534	2.792835	-2.638261	3.522794	-3.022749	3.592906	-3.222101	2.851292	-3.112092	2.810432	-3.149628	2.686133	-3.301483	3.100772	-3.711879	3.417773	-3.646773	3.019026	-3.786980	1.660027	-3.414996	1.774331	-3.498463	3.128314	-3.988026	
-0.907326	0.098169	-1.912947	9.257914	-3.773427	2.143151	-2.446007	10.448061	-2.388206	11.807607	-3.772407	11.282600	-1.309868	14.290981	-0.500072	15.034754	-1.591444	16.832020	-2.173870	16.856864	0.806231	18.286598	-0.317877	19.307475	-4.962186	10.749536	-5.355291	15.240527	-4.445757	9.171293	-7.565279	13.583688	-9.564437	12.306944	-6.382326	4.781205	-6.803667	4.021376	-8.542184	4.289581	-10.910060	8.085710	-10.227598	1.248576	-12.086852	3.272947	-12.702336	2.521443	-13.355409	5.466508	-15.015691	3.008522	-15.953850	3.826156	-15.726596	4.594686	-16.333841	4.036851	-13.789611	8.985580	-17.655819	9.538839	-15.462711	10.807004	-13.917804	10.546917	-13.277568	11.881177	-15.144830	13.710787	-13.228214	13.045962	-16.842463	14.949694	-17.189612	15.936747	-13.517648	15.392060	-13.315339	15.577915	-12.699892	16.329795	-14.752904	18.361797	-16.322475	18.039436	-14.348153	18.733646	-7.619261	16.891889	-8.185215	17.305150	-14.889272	19.729087	
0.373300	-0.039819	0.730623	-2.952948	1.319594	-0.659583	0.901955	-3.335485	0.883415	-3.772407	1.328376	-3.603664	0.536811	-4.570597	0.276538	-4.809652	0.627312	-5.387308	0.814513	-5.395297	-0.143320	-5.854825	0.217978	-6.182943	1.710636	-3.432354	1.836969	-4.875676	1.544689	-2.925167	2.547226	-4.343202	3.189669	-3.932908	2.166700	-1.514671	2.302180	-1.270247	2.861041	-1.356533	3.622261	-2.576628	3.402703	-0.379203	4.000194	-1.029761	4.197984	-0.788258	4.407861	-1.734705	4.941418	-0.944791	5.242911	-1.207548	5.169878	-1.454527	5.365028	-1.275259	4.547421	-2.865613	5.789834	-3.043401	5.085072	-3.450931	4.588616	-3.367350	4.382881	-3.796113	4.982922	-4.384055	4.367021	-4.170415	5.528453	-4.782175	5.640009	-5.099363	4.460031	-4.924328	4.395019	-4.984052	4.197246	-5.225668	4.856978	-5.878648	5.361356	-5.775058	4.726912	-5.998141	2.564579	-5.406305	2.746450	-5.539103	4.900799	-6.318024	
-0.867501	0.093922	-1.828513	8.848551	-3.604103	2.055218	-2.337410	9.984742	-2.282260	11.282600	-3.603664	10.781526	-1.252792	13.653452	-0.479696	14.363521	-1.521594	16.079320	-2.077619	16.103036	0.767406	17.467984	-0.305757	18.442584	-4.739543	10.272567	-5.114827	14.560044	-4.246511	8.765846	-7.224668	12.978281	-9.133297	11.759356	-6.095415	4.574373	-6.497697	3.848918	-8.157558	4.104966	-10.418026	7.729248	-9.766590	1.201736	-11.541604	3.134395	-12.129206	2.416937	-12.752696	5.228604	-14.337775	2.881955	-15.233439	3.662552	-15.016478	4.396270	-15.596219	3.863704	-13.167177	8.588347	-16.858352	9.116553	-14.764530	10.327309	-13.289567	10.078996	-12.678317	11.352848	-14.461039	13.099623	-12.631197	12.464898	-16.081813	14.282439	-16.413245	15.224803	-12.907527	14.704777	-12.714378	14.882217	-12.126795	15.600056	-14.086858	17.540060	-15.585367	17.232294	-13.700432	17.895074	-7.276198	16.136694	-7.816528	16.531246	-14.217052	18.845447	
0.186480	-0.019900	0.334669	-1.032680	0.525148	-0.246991	0.392589	-1.162095	0.386321	-1.309868	0.536811	-1.252792	0.269302	-1.579710	0.181219	-1.660556	0.299788	-1.855804	0.363050	-1.858490	0.039293	-2.013886	0.161448	-2.124784	0.666202	-1.194842	0.709005	-1.683524	0.610053	-1.023202	0.949474	-1.503229	1.167249	-1.364161	0.820746	-0.544407	0.866827	-0.461219	1.056737	-0.490484	1.314212	-0.904503	1.240109	-0.159427	1.442445	-0.379779	1.509444	-0.297981	1.580555	-0.618687	1.761346	-0.351026	1.863505	-0.440053	1.838755	-0.523736	1.904889	-0.462997	1.627629	-1.002190	2.048954	-1.062458	1.809945	-1.200679	1.641598	-1.172333	1.571839	-1.317718	1.775301	-1.517080	1.566462	-1.444636	1.960284	-1.652070	1.998110	-1.759622	1.598000	-1.700271	1.575956	-1.720522	1.508895	-1.802449	1.732598	-2.023862	1.903622	-1.988737	1.688495	-2.064380	0.955327	-1.863672	1.016993	-1.908707	1.747457	-2.172847	
-1.095732	0.118258	-2.312249	11.194477	-4.574618	2.559248	-2.959697	12.639879	-2.889570	14.290981	-4.570597	13.653452	-1.579710	17.307571	-0.596073	18.210935	-1.921741	20.394060	-2.629205	20.424243	0.990634	22.160850	-0.374770	23.400900	-6.015472	13.006068	-6.492775	18.459785	-5.388300	11.089427	-9.176557	16.447764	-11.603995	14.897488	-7.739688	5.759695	-8.251192	4.837258	-10.361802	5.162967	-13.237687	9.772022	-12.408546	1.470204	-14.666306	3.928431	-15.413690	3.015868	-16.206706	6.591981	-18.222747	3.607312	-19.361930	4.600150	-19.085982	5.533362	-19.823339	4.855992	-16.734169	10.864807	-21.428445	11.536583	-18.765625	13.076347	-16.889820	12.760555	-16.112452	14.380602	-18.379663	16.602096	-16.052526	15.794874	-20.440910	18.106370	-20.862416	19.304840	-16.403954	18.643486	-16.158313	18.869149	-15.411043	19.782076	-17.903790	22.249313	-19.809549	21.857905	-17.412346	22.700809	-9.242137	20.464600	-9.929318	20.966370	-18.069366	23.909464	
0.125044	-0.013349	0.204454	-0.401190	0.263900	-0.111314	0.225085	-0.447378	0.222848	-0.500072	0.276538	-0.479696	0.181219	-0.596073	0.149971	-0.624829	0.192064	-0.694201	0.214550	-0.695156	0.099476	-0.750440	0.142915	-0.789842	0.322743	-0.459019	0.338089	-0.633771	0.302705	-0.397725	0.424060	-0.569295	0.502179	-0.519422	0.378133	-0.225336	0.394813	-0.195174	0.463387	-0.205687	0.555206	-0.354620	0.528934	-0.087159	0.601323	-0.166037	0.625311	-0.136757	0.650789	-0.251688	0.715572	-0.155771	0.752180	-0.187666	0.743308	-0.217648	0.767014	-0.195888	0.667452	-0.389402	0.818755	-0.411023	0.732913	-0.460680	0.672467	-0.450497	0.647426	-0.502692	0.720470	-0.574266	0.645496	-0.548256	0.786883	-0.622723	0.800462	-0.661335	0.656818	-0.640028	0.648904	-0.647298	0.624829	-0.676710	0.705140	-0.756199	0.766539	-0.743589	0.689307	-0.770745	0.426132	-0.698662	0.448267	-0.714836	0.710474	-0.809686	
-1.152160	0.124274	-2.431846	11.774484	-4.814571	2.683866	-3.113546	13.296329	-3.039710	15.034754	-4.809652	14.363521	-1.660556	18.210935	-0.624829	19.162323	-2.020709	21.461014	-2.765629	21.492777	1.045984	23.321485	-0.391789	24.627184	-6.330931	13.681902	-6.833450	19.423952	-5.670589	11.663909	-9.659132	17.305555	-12.214840	15.673357	-8.146217	6.052752	-8.684724	5.081614	-10.906776	5.424545	-13.934808	10.277072	-13.061738	1.536582	-15.438850	4.124747	-16.225739	3.163947	-17.060667	6.929059	-19.183258	3.786650	-20.382648	4.831960	-20.092117	5.814494	-20.868441	5.101324	-17.616062	11.427634	-22.558345	12.134908	-19.754846	13.756015	-17.779937	13.423540	-16.961497	15.129180	-19.348493	17.468043	-16.898405	16.618173	-21.518643	19.051795	-21.962419	20.313584	-17.268400	19.617289	-17.009781	19.854874	-16.223030	20.816035	-18.847478	23.413625	-20.853925	23.001538	-18.330069	23.888975	-9.728185	21.534628	-10.451674	22.062907	-19.021803	25.161488	
0.207839	-0.022177	0.379928	-1.252222	0.615996	-0.294174	0.450830	-1.410593	0.443154	-1.591444	0.627312	-1.521594	0.299788	-1.921741	0.192064	-2.020709	0.337476	-2.260094	0.414752	-2.263158	0.018192	-2.453515	0.167799	-2.589449	0.785632	-1.450674	0.837998	-2.048497	0.716925	-1.240656	1.132167	-1.827945	1.398492	-1.657869	0.974649	-0.655349	1.030950	-0.553729	1.263038	-0.589513	1.578103	-1.095688	1.487374	-0.184566	1.734889	-0.454106	1.816843	-0.354047	1.903819	-0.746298	2.124944	-0.418925	2.249894	-0.527816	2.219624	-0.630169	2.300509	-0.555878	1.961470	-1.215255	2.476671	-1.288959	2.184412	-1.457971	1.978552	-1.423309	1.893247	-1.601094	2.142050	-1.844882	1.886671	-1.756296	2.368255	-2.009957	2.414510	-2.141476	1.925237	-2.068900	1.898280	-2.093664	1.816275	-2.193848	2.089829	-2.464603	2.298967	-2.421650	2.035898	-2.514150	1.139334	-2.268722	1.214743	-2.323792	2.108000	-2.646788	
-1.288508	0.138812	-2.720816	13.175962	-5.394404	2.985002	-3.485301	14.882551	-3.402502	16.832020	-5.387308	16.079320	-1.855804	20.394060	-0.694201	21.461014	-2.260094	24.040067	-3.095363	24.075224	1.180144	26.126772	-0.432666	27.591597	-7.093217	15.314959	-7.656698	21.753717	-6.352725	13.052045	-10.825238	19.378295	-13.690884	17.548148	-9.128559	6.760896	-9.732314	5.672083	-12.223639	6.056630	-15.619307	11.497460	-14.640093	1.696995	-17.305602	4.599140	-18.187947	3.521782	-19.124152	7.743583	-21.504206	4.220014	-22.849077	5.392120	-22.523306	6.493833	-23.393792	5.694156	-19.747045	12.787647	-25.288593	13.580690	-22.145167	15.398351	-19.930790	15.025564	-19.013109	16.938024	-21.689545	19.560491	-18.942366	18.607569	-24.122839	21.336286	-24.620426	22.751075	-19.357226	21.970349	-19.067247	22.236743	-18.185097	23.314452	-21.127778	26.227017	-23.377521	25.764962	-20.547629	26.760007	-10.902682	24.120196	-11.713903	24.712529	-21.323240	28.186820	
0.252024	-0.026888	0.473562	-1.706378	0.803907	-0.391768	0.571298	-1.924622	0.560723	-2.173870	0.814513	-2.077619	0.363050	-2.629205	0.214550	-2.765629	0.414752	-3.095363	0.521866	-3.100146	-0.025137	-3.362268	0.181096	-3.549647	1.032666	-1.979882	1.104792	-2.803471	0.937985	-1.690490	1.510060	-2.499635	1.876820	-2.265413	1.292994	-0.884833	1.370438	-0.745081	1.689782	-0.794351	2.123977	-1.491165	1.998855	-0.236558	2.339827	-0.607844	2.452713	-0.470014	2.572509	-1.010258	2.877066	-0.559368	3.049160	-0.709347	3.007471	-0.850321	3.118868	-0.747997	2.652033	-1.655981	3.361428	-1.757480	2.959015	-1.990186	2.675554	-1.942461	2.558089	-2.187266	2.900687	-2.522957	2.549034	-2.400976	3.212164	-2.750264	3.275858	-2.931364	2.602139	-2.831427	2.565020	-2.865526	2.452100	-3.003478	2.828779	-3.376302	3.116757	-3.317157	2.754517	-3.444528	1.519946	-3.106594	1.623784	-3.182420	2.853799	-3.627167	
-1.290391	0.139013	-2.724799	13.195322	-5.402428	2.989171	-3.490436	14.904471	-3.407518	16.856864	-5.395297	16.103036	-1.858490	20.424243	-0.695156	21.492777	-2.263158	24.075224	-3.100146	24.111215	1.181918	26.165355	-0.433249	27.632313	-7.103760	15.337527	-7.668090	21.785905	-6.362160	13.071222	-10.841360	19.406938	-13.711286	17.574057	-9.142143	6.770686	-9.746798	5.680248	-12.241840	6.065371	-15.642583	11.514324	-14.661906	1.699220	-17.331399	4.605703	-18.215063	3.526735	-19.152667	7.754845	-21.536277	4.226010	-22.883158	5.399867	-22.556901	6.503228	-23.428687	5.702355	-19.776492	12.806444	-25.326319	13.600672	-22.178197	15.421048	-19.960512	15.047704	-19.041460	16.963021	-21.721895	19.589405	-18.970612	18.635060	-24.158823	21.367853	-24.657153	22.784756	-19.386092	22.002863	-19.095679	22.269656	-18.212212	23.348974	-21.159288	26.265890	-23.412392	25.803144	-20.578273	26.799676	-10.918919	24.155922	-11.731351	24.749139	-21.355043	28.228621	
0.025941	-0.002782	-0.005583	0.617462	-0.157540	0.107561	-0.045120	0.705545	-0.040836	0.806231	-0.143320	0.767406	0.039293	0.990634	0.099476	1.045984	0.018192	1.180144	-0.025137	1.181918	0.197715	1.290919	0.113094	1.366002	-0.231308	0.727946	-0.260261	1.059586	-0.193088	0.611226	-0.423496	0.937243	-0.570654	0.843238	-0.335863	0.289365	-0.366609	0.233996	-0.493753	0.253731	-0.669143	0.532398	-0.618268	0.029431	-0.755495	0.178764	-0.800888	0.123325	-0.849021	0.340332	-0.971371	0.159209	-1.040503	0.219472	-1.023762	0.276114	-1.068495	0.234998	-0.881416	0.599098	-1.165682	0.639818	-1.004452	0.733024	-0.890843	0.713906	-0.843752	0.812036	-0.981085	0.946596	-0.840122	0.897704	-1.105934	1.037723	-1.131467	1.110318	-0.861408	1.070257	-0.846529	1.083927	-0.801265	1.139227	-0.952257	1.288674	-1.067696	1.264965	-0.922489	1.316022	-0.427524	1.180620	-0.469155	1.211003	-0.962287	1.389233	
-1.398861	0.150579	-2.954698	14.310252	-5.863681	3.228720	-3.786176	16.166346	-3.696128	18.286598	-5.854825	17.467984	-2.013886	22.160850	-0.750440	23.321485	-2.453515	26.126772	-3.362268	26.165355	1.290919	28.407903	-0.466493	29.995223	-7.710156	16.636664	-8.322959	23.639298	-6.904795	14.175533	-11.769000	21.055847	-14.885497	19.065488	-9.923602	7.334022	-10.580166	6.149967	-13.289429	6.568196	-16.982640	12.485167	-15.917520	1.826816	-18.816441	4.983077	-19.776042	3.811384	-20.794214	8.402802	-23.382642	4.570744	-24.845257	5.845471	-24.490966	7.043641	-25.437660	6.173950	-21.471731	13.888353	-27.498295	14.750814	-24.079749	16.727556	-21.671559	16.322141	-20.673557	18.401992	-23.584251	21.253992	-20.596622	20.217666	-26.230520	23.185217	-26.771659	24.723838	-21.047793	23.874778	-20.732434	24.164488	-19.773073	25.336525	-22.973314	28.504015	-25.419969	28.001518	-22.342388	29.083656	-11.853237	26.212807	-12.735462	26.856981	-23.185885	30.635352	
0.111222	-0.011875	0.175162	-0.259118	0.205118	-0.080785	0.187399	-0.286576	0.186075	-0.317877	0.217978	-0.305757	0.161448	-0.374770	0.142915	-0.391789	0.167799	-0.432666	0.181096	-0.433249	0.113094	-0.466493	0.140576	-0.496795	0.245466	-0.293470	0.254632	-0.397596	0.233554	-0.257006	0.305848	-0.359174	0.352548	-0.329368	0.278548	-0.153549	0.288614	-0.135315	0.329892	-0.141609	0.384445	-0.230906	0.368931	-0.070895	0.412085	-0.117945	0.426396	-0.100481	0.441608	-0.169116	0.480291	-0.111838	0.502151	-0.130880	0.496852	-0.148780	0.511013	-0.135790	0.451428	-0.251532	0.541982	-0.264459	0.490600	-0.294190	0.454429	-0.288095	0.439448	-0.319324	0.483151	-0.362147	0.438294	-0.346584	0.522889	-0.391137	0.531013	-0.414239	0.445068	-0.401491	0.440333	-0.405841	0.425928	-0.423437	0.473980	-0.470997	0.510715	-0.463453	0.464506	-0.479700	0.307070	-0.436555	0.320311	-0.446235	0.477171	-0.502999	
-1.476308	0.158837	-3.118834	15.106309	-6.193037	3.399772	-3.997339	17.067343	-3.902194	19.307475	-6.182943	18.442584	-2.124784	23.400900	-0.789842	24.627184	-2.589449	27.591597	-3.549647	27.632313	1.366002	29.995223	-0.496795	31.726037	-8.143148	17.564264	-8.790582	24.962634	-7.292261	14.964011	-12.431367	22.233193	-15.723911	20.130396	-10.481589	7.736259	-11.175214	6.485364	-14.037427	6.927231	-17.939458	13.178364	-16.814048	1.917936	-19.876782	5.252541	-20.890604	4.014643	-21.966302	8.865466	-24.700972	4.816904	-26.246222	6.163652	-25.871915	7.429518	-26.872093	6.510690	-22.682159	14.660860	-29.049112	15.572040	-25.437484	17.660427	-22.893274	17.232114	-21.838901	19.429442	-24.914001	22.442531	-21.757621	21.347670	-27.709738	24.482839	-28.281443	26.108366	-22.234275	25.211348	-21.901103	25.517423	-20.887555	26.755660	-24.268556	30.102060	-26.853405	29.571180	-23.601992	30.714440	-12.520370	27.681445	-13.452428	28.362003	-24.493133	32.353781	
0.463570	-0.049445	0.921955	-3.880811	1.703443	-0.858931	1.148053	-4.385605	1.123571	-4.962187	1.710636	-4.739543	0.666202	-6.015472	0.322743	-6.330931	0.785632	-7.093217	1.032666	-7.103760	-0.231308	-7.710156	0.245466	-8.143148	2.215297	-4.513454	2.381951	-6.417987	1.996231	-3.844135	3.319169	-5.715372	4.166794	-5.174034	2.817003	-1.983454	2.995682	-1.661128	3.732808	-1.774963	4.737385	-3.384522	4.447575	-0.485387	5.235984	-1.343799	5.496966	-1.025135	5.773888	-2.273913	6.477887	-1.231669	6.875689	-1.578365	6.779327	-1.904241	7.036812	-1.667705	5.958126	-3.765942	7.597264	-4.000511	6.667464	-4.538164	6.012476	-4.427896	5.741041	-4.993578	6.532696	-5.769270	5.720116	-5.487408	7.252434	-6.294526	7.399614	-6.713003	5.842827	-6.482074	5.757055	-6.560870	5.496127	-6.879642	6.366533	-7.741141	7.031978	-7.604471	6.194933	-7.898793	3.342077	-7.117973	3.582027	-7.293177	6.424349	-8.320826	
-0.827061	0.089610	-1.742786	8.432877	-3.432156	1.965922	-2.227141	9.514275	-2.174656	10.749536	-3.432354	10.272567	-1.194842	13.006068	-0.459019	13.681902	-1.450674	15.314959	-1.979882	15.337527	0.727946	16.636664	-0.293470	17.564264	-4.513454	9.788301	-4.870602	13.869007	-4.044176	8.354163	-6.878738	12.363480	-8.695439	11.203270	-5.804077	4.364352	-6.187007	3.673802	-7.766998	3.917504	-9.918340	7.367260	-9.298451	1.154204	-10.987904	2.993713	-11.547186	2.310834	-12.140630	4.987013	-13.649325	2.753445	-14.501829	3.496424	-14.295322	4.194785	-14.847128	3.687883	-12.535062	8.184946	-16.048492	8.687712	-14.055494	9.840169	-12.651558	9.603813	-12.069743	10.816321	-13.766616	12.478979	-12.024893	11.874819	-15.309341	13.604834	-15.624812	14.501817	-12.287916	14.006834	-12.104068	14.175729	-11.544780	14.858999	-13.410454	16.705580	-14.836802	16.412635	-13.042638	17.043498	-6.927779	15.369788	-7.442087	15.745342	-13.534379	17.948105	
0.493395	-0.052625	0.985235	-4.187388	1.830162	-0.924727	1.229412	-4.732560	1.202952	-5.355291	1.836969	-5.114827	0.709005	-6.492775	0.338089	-6.833450	0.837998	-7.656698	1.104792	-7.668090	-0.260261	-8.322959	0.254632	-8.790582	2.381951	-4.870602	2.562449	-6.927676	2.145486	-4.147704	3.574498	-6.168906	4.489928	-5.584246	3.031795	-2.138308	3.224753	-1.790224	4.020819	-1.913174	5.106139	-3.651586	4.792861	-0.520294	5.644441	-1.447480	5.926333	-1.103284	6.225440	-2.452098	6.985834	-1.326362	7.415503	-1.700834	7.311422	-2.052816	7.589533	-1.797331	6.424546	-4.063534	8.194798	-4.316869	7.190626	-4.897526	6.483245	-4.778438	6.190098	-5.389369	7.045078	-6.227109	6.167500	-5.922701	7.822388	-6.794381	7.981340	-7.246331	6.300026	-6.996930	6.207393	-7.082029	5.925593	-7.426300	6.865624	-8.356711	7.584298	-8.209108	6.680297	-8.526973	3.599231	-7.683700	3.858377	-7.872918	6.928064	-8.982764	
-1.167816	0.125944	-2.465277	11.935441	-4.880691	2.718148	-3.156278	13.478203	-3.081372	15.240527	-4.875676	14.560044	-1.683524	18.459785	-0.633771	19.423952	-2.048497	21.753717	-2.803471	21.785905	1.059586	23.639298	-0.397596	24.962634	-6.417987	13.869007	-6.927676	19.691324	-5.748580	11.823154	-9.792804	17.543298	-12.384161	15.888332	-8.258509	6.133756	-8.804532	5.149060	-11.057619	5.496780	-14.128234	10.417078	-13.242673	1.554533	-15.652967	4.178821	-16.450836	3.204614	-17.297414	7.022253	-19.449617	3.836003	-20.665740	4.895898	-20.371155	5.892140	-21.158310	5.169020	-17.860620	11.583520	-22.871742	12.300650	-20.029194	13.944334	-18.026777	13.607226	-17.196940	15.336625	-19.617185	17.708066	-17.132970	16.846358	-21.817562	19.313879	-22.267519	20.593244	-17.508119	19.887249	-17.245898	20.128143	-16.448188	21.102693	-19.109192	23.736464	-21.143587	23.318637	-18.584576	24.218436	-9.862837	21.831318	-10.596410	22.366951	-19.285944	25.508673	
0.424386	-0.045267	0.838925	-3.478053	1.536789	-0.772376	1.041249	-3.929784	1.019339	-4.445757	1.544689	-4.246511	0.610053	-5.388300	0.302705	-5.670589	0.716925	-6.352725	0.937985	-6.362160	-0.193088	-6.904795	0.233554	-7.292261	1.996231	-4.044176	2.145486	-5.748580	1.800357	-3.445186	2.984208	-5.119807	3.742774	-4.635345	2.534719	-1.779974	2.694651	-1.491454	3.354417	-1.593335	4.253484	-3.033905	3.994070	-0.439252	4.699635	-1.207471	4.933198	-0.922289	5.181028	-2.039879	5.811068	-1.107126	6.167079	-1.417400	6.080840	-1.709041	6.311276	-1.497355	5.345907	-3.375183	6.812845	-3.585106	5.980724	-4.066279	5.394547	-3.967594	5.151630	-4.473846	5.860114	-5.168043	5.132904	-4.915793	6.504236	-5.638115	6.635953	-6.012626	5.242723	-5.805959	5.165962	-5.876476	4.932447	-6.161758	5.711409	-6.932748	6.306942	-6.810437	5.557837	-7.073837	3.004702	-6.375049	3.219444	-6.531846	5.763150	-7.451531	
-0.707317	0.076842	-1.488974	7.202059	-2.922994	1.701496	-1.900683	8.121288	-1.856075	9.171293	-2.925167	8.765846	-1.023202	11.089427	-0.397725	11.663909	-1.240656	13.052045	-1.690490	13.071222	0.611226	14.175533	-0.257006	14.964011	-3.844135	8.354163	-4.147704	11.823154	-3.445186	7.135276	-5.854789	10.543315	-7.399319	9.556935	-4.941491	3.742549	-5.267123	3.155332	-6.610659	3.362489	-8.439181	6.295632	-7.912481	1.013392	-9.348673	2.577175	-9.824127	1.996654	-10.328634	4.271781	-11.611233	2.372937	-12.335980	3.004568	-12.160419	3.598269	-12.629535	3.167335	-10.663793	6.990681	-13.650964	7.418127	-11.956480	8.397976	-10.762838	8.197021	-10.268176	9.227904	-11.710870	10.641510	-10.230044	10.127847	-13.022509	11.598718	-13.290725	12.361340	-10.453668	11.940502	-10.297359	12.084097	-9.821848	12.665019	-11.408059	14.234997	-12.620750	13.985933	-11.095339	14.522297	-5.896468	13.099274	-6.333733	13.418578	-11.513421	15.291401	
0.661079	-0.070504	1.340754	-5.910980	2.543000	-1.294908	1.686627	-6.683187	1.649139	-7.565279	2.547226	-7.224668	0.949474	-9.176557	0.424060	-9.659132	1.132167	-10.825238	1.510060	-10.841360	-0.423496	-11.769000	0.305848	-12.431367	3.319169	-6.878738	3.574498	-9.792804	2.984208	-5.854789	5.008743	-8.717941	6.305242	-7.889730	4.239625	-3.009029	4.512840	-2.516200	5.640127	-2.690338	7.177899	-5.152420	6.733810	-0.717291	7.940124	-2.030677	8.339429	-1.543114	8.763107	-3.453659	9.840181	-1.859093	10.448793	-2.389524	10.301368	-2.888099	10.695297	-2.526209	9.045301	-5.735986	11.552534	-6.094806	10.130317	-6.917183	9.128437	-6.748518	8.713246	-7.613801	9.924179	-8.800313	8.681239	-8.369176	11.025101	-9.603759	11.250229	-10.243869	8.868940	-9.890635	8.737742	-10.011163	8.338621	-10.498763	9.670011	-11.816529	10.687888	-11.607476	9.407528	-12.057676	5.043718	-10.863339	5.410758	-11.131327	9.758446	-12.703225	
-1.042100	0.112539	-2.198734	10.643228	-4.346268	2.440620	-2.813499	12.015793	-2.746859	13.583688	-4.343202	12.978281	-1.503229	16.447764	-0.569295	17.305555	-1.827945	19.378295	-2.499635	19.406938	0.937243	21.055847	-0.359174	22.233193	-5.715372	12.363480	-6.168906	17.543298	-5.119807	10.543315	-8.717941	15.632577	-11.023393	14.159998	-7.353002	5.480977	-7.838855	4.604797	-9.843622	4.914147	-12.575168	9.291975	-11.787582	1.406787	-13.931979	3.741593	-14.641840	2.874848	-15.395045	6.271438	-17.309878	3.436602	-18.391874	4.379597	-18.129778	5.265960	-18.830120	4.622596	-15.896018	10.329791	-20.354649	10.967844	-17.825496	12.430316	-16.043855	12.130375	-15.305516	13.669098	-17.458910	15.779068	-15.248597	15.012374	-19.416679	17.207825	-19.817023	18.346129	-15.582384	17.717977	-15.349074	17.932311	-14.639319	18.799407	-17.006925	21.142783	-18.817010	20.771025	-16.540152	21.571613	-8.780136	19.447645	-9.432820	19.924228	-17.164189	22.719591	
0.812795	-0.086681	1.662529	-7.470450	3.187725	-1.629690	2.100330	-8.447892	2.052875	-9.564437	3.189669	-9.133297	1.167249	-11.603995	0.502179	-12.214840	1.398492	-13.690884	1.876820	-13.711286	-0.570654	-14.885497	0.352548	-15.723911	4.166794	-8.695439	4.489928	-12.384161	3.742774	-7.399319	6.305242	-11.023393	7.946899	-9.975059	5.332119	-3.796638	5.677961	-3.172830	7.104988	-3.393263	9.051769	-6.509950	8.489568	-0.895479	10.016689	-2.558126	10.522170	-1.940915	11.058499	-4.359436	12.421951	-2.340905	13.192380	-3.012367	13.005759	-3.643506	13.504423	-3.185394	11.415670	-7.248599	14.589650	-7.702850	12.789228	-8.743912	11.520912	-8.530392	10.995305	-9.625785	12.528276	-11.127845	10.954786	-10.582040	13.921980	-12.144967	14.206984	-12.955310	11.192405	-12.508133	11.026315	-12.660716	10.521050	-13.277994	12.206517	-14.946214	13.495095	-14.681563	11.874227	-15.251492	6.349692	-13.739622	6.814390	-14.078861	12.318472	-16.068722	
-0.945209	0.102208	-1.993244	9.647302	-3.934515	2.226810	-2.549296	10.888788	-2.489022	12.306944	-3.932908	11.759356	-1.364161	14.897488	-0.519422	15.673357	-1.657869	17.548148	-2.265413	17.574057	0.843238	19.065488	-0.329368	20.130396	-5.174034	11.203270	-5.584246	15.888332	-4.635345	9.556935	-7.889730	14.159998	-9.975059	12.828286	-6.655286	4.977975	-7.094758	4.185441	-8.908104	4.465227	-11.378545	8.425034	-10.666297	1.292964	-12.605830	3.404735	-13.247888	2.620781	-13.929157	5.692986	-15.661113	3.128888	-16.639774	3.981823	-16.402708	4.783532	-17.036167	4.201614	-14.382283	9.363792	-18.415075	9.940891	-16.127475	11.263697	-14.516003	10.992404	-13.848177	12.384153	-15.795896	14.292598	-13.796697	13.599126	-17.566677	15.584888	-17.928784	16.614470	-14.098602	16.046314	-13.887576	16.240177	-13.245610	17.024454	-15.387083	19.144011	-17.024284	18.807761	-14.964893	19.531883	-7.946054	17.610776	-8.536398	18.041840	-15.529327	20.570216	
0.571366	-0.060938	1.150332	-4.988780	2.161910	-1.097048	1.441707	-5.639292	1.410149	-6.382326	2.166700	-6.095415	0.820746	-7.739688	0.378133	-8.146217	0.974649	-9.128559	1.292994	-9.142143	-0.335863	-9.923602	0.278548	-10.481589	2.817003	-5.804077	3.031795	-8.258509	2.534719	-4.941491	4.239625	-7.353002	5.332119	-6.655286	3.593243	-2.542900	3.823416	-2.127654	4.773293	-2.274326	6.067355	-4.348468	5.694449	-0.612396	6.710516	-1.718677	7.046859	-1.307997	7.403738	-2.917347	8.311014	-1.574165	8.823677	-2.020966	8.699493	-2.440937	9.031324	-2.136103	7.641022	-4.840321	9.753738	-5.142661	8.555303	-5.835651	7.711074	-5.693525	7.361208	-6.422647	8.381596	-7.422459	7.334238	-7.059158	9.309287	-8.099477	9.498991	-8.638864	7.492403	-8.341214	7.381848	-8.442776	7.045530	-8.853650	8.167423	-9.964062	9.025134	-9.787904	7.946242	-10.167264	4.269137	-9.160826	4.578412	-9.386655	8.241943	-10.711235	
-0.374066	0.041309	-0.782012	3.776616	-1.507251	0.966401	-0.992036	4.245569	-0.969289	4.781205	-1.514671	4.574373	-0.544407	5.759695	-0.225336	6.052752	-0.655349	6.760896	-0.884833	6.770686	0.289365	7.334022	-0.153549	7.736259	-1.983454	4.364352	-2.138308	6.133756	-1.779974	3.742549	-3.009029	5.480977	-3.796638	4.977975	-2.542900	2.013459	-2.709008	1.713717	-3.394095	1.819354	-4.326870	3.315084	-4.058046	0.621475	-4.790451	1.418933	-5.032916	1.122881	-5.290189	2.283093	-5.944255	1.314767	-6.313844	1.636877	-6.224316	1.939638	-6.463542	1.719880	-5.461204	3.669488	-6.984361	3.887452	-6.120348	4.387069	-5.511707	4.284602	-5.259480	4.810254	-5.995114	5.531055	-5.240036	5.269138	-6.663922	6.019140	-6.800686	6.408004	-5.354063	6.193416	-5.274361	6.266636	-5.031897	6.562850	-5.840710	7.363387	-6.459065	7.236388	-5.681253	7.509882	-3.030301	6.784301	-3.253268	6.947110	-5.894434	7.902050	
0.603350	-0.064349	1.218308	-5.317557	2.297574	-1.167460	1.529033	-6.011275	1.495378	-6.803667	2.302180	-6.497697	0.866827	-8.251192	0.394813	-8.684724	1.030950	-9.732314	1.370438	-9.746798	-0.366609	-10.580166	0.288614	-11.175214	2.995682	-6.187007	3.224753	-8.804532	2.694651	-5.267123	4.512840	-7.838855	5.677961	-7.094758	3.823416	-2.709008	4.069151	-2.266075	5.082123	-2.422532	6.462136	-4.634623	6.064468	-0.650138	7.148055	-1.829940	7.506750	-1.391971	7.887349	-3.108287	8.854927	-1.675830	9.401664	-2.152326	9.269226	-2.600210	9.623113	-2.275116	8.140372	-5.159117	10.393560	-5.481556	9.115440	-6.220624	8.215081	-6.069048	7.841955	-6.846646	8.930183	-7.912931	7.813192	-7.525476	9.919552	-8.634960	10.121869	-9.210208	7.981872	-8.892768	7.863968	-9.001083	7.505289	-9.439275	8.701771	-10.623512	9.616508	-10.435643	8.465885	-10.840224	4.544311	-9.766870	4.874148	-10.007714	8.781246	-11.420361	
-0.316391	0.035160	-0.659335	3.183730	-1.262779	0.839534	-0.834461	3.574757	-0.815497	4.021376	-1.270247	3.848918	-0.461219	4.837258	-0.195174	5.081614	-0.553729	5.672083	-0.745081	5.680248	0.233996	6.149967	-0.135315	6.485364	-1.661128	3.673802	-1.790224	5.149060	-1.491454	3.155332	-2.516200	4.604797	-3.172830	4.185441	-2.127654	1.713717	-2.266075	1.464203	-2.837083	1.552114	-3.614723	2.798955	-3.390609	0.553446	-4.001269	1.218334	-4.203428	0.971497	-4.417925	1.938793	-4.963239	1.131475	-5.271375	1.400030	-5.196735	1.652452	-5.396181	1.469231	-4.560560	3.094582	-5.830379	3.276301	-5.110077	3.692812	-4.602664	3.607390	-4.392383	4.045619	-5.005673	4.646542	-4.376173	4.428185	-5.563248	5.053454	-5.677267	5.377645	-4.471236	5.198746	-4.404789	5.259789	-4.202649	5.506739	-4.876947	6.174136	-5.392462	6.068259	-4.744009	6.296268	-2.533940	5.691363	-2.719824	5.827094	-4.921736	6.623214	
0.735315	-0.078420	1.498579	-6.674068	2.857670	-1.458209	1.889164	-7.546097	1.846850	-8.542184	2.861041	-8.157558	1.056737	-10.361802	0.463387	-10.906776	1.263038	-12.223639	1.689782	-12.241840	-0.493753	-13.289429	0.329892	-14.037427	3.732808	-7.766998	4.020819	-11.057619	3.354417	-6.610659	5.640127	-9.843622	7.104988	-8.908104	4.773293	-3.394095	5.082123	-2.837083	6.356618	-3.033540	8.091297	-5.815373	7.591382	-0.805473	8.953553	-2.288645	9.404490	-1.738056	9.882980	-3.895842	11.099430	-2.094931	11.786797	-2.693985	11.620290	-3.257067	12.065210	-2.848358	10.200939	-6.474408	13.033894	-6.879795	11.426892	-7.809051	10.294871	-7.618470	9.825750	-8.596136	11.193966	-9.936765	9.789586	-9.449620	12.437891	-10.844559	12.692260	-11.567811	10.001667	-11.168698	9.853427	-11.304880	9.402465	-11.855813	10.906788	-13.344741	12.056874	-13.108535	10.610211	-13.617210	5.679678	-12.267682	6.094378	-12.570495	11.006710	-14.346609	
-0.336739	0.037329	-0.702565	3.392894	-1.349130	0.884358	-0.890034	3.811480	-0.869731	4.289581	-1.356533	4.104966	-0.490484	5.162967	-0.205687	5.424545	-0.589513	6.056630	-0.794351	6.065371	0.253731	6.568196	-0.141609	6.927231	-1.774963	3.917504	-1.913174	5.496780	-1.593335	3.362489	-2.690338	4.914147	-3.393263	4.465227	-2.274326	1.819354	-2.422532	1.552114	-3.033540	1.646682	-3.866334	2.981040	-3.626328	0.577187	-4.280117	1.289015	-4.496523	1.024778	-4.726146	2.060245	-5.309897	1.196033	-5.639747	1.483504	-5.559846	1.753718	-5.773348	1.557585	-4.878823	3.297486	-6.238149	3.492013	-5.467073	3.937882	-4.923894	3.846438	-4.698789	4.315558	-5.355310	4.958840	-4.681436	4.725091	-5.952189	5.394436	-6.074246	5.741480	-4.783200	5.549970	-4.712069	5.615316	-4.495681	5.879674	-5.217511	6.594117	-5.769365	6.480776	-5.075202	6.724857	-2.709330	6.077317	-2.908320	6.222615	-5.265457	7.074850	
0.914932	-0.097572	1.879445	-8.520345	3.621237	-1.854730	2.379070	-9.635825	2.324913	-10.910060	3.622261	-10.418026	1.314212	-13.237687	0.555206	-13.934808	1.578103	-15.619307	2.123977	-15.642583	-0.669143	-16.982640	0.384445	-17.939458	4.737385	-9.918340	5.106139	-14.128234	4.253484	-8.439181	7.177899	-12.575168	9.051769	-11.378545	6.067355	-4.326870	6.462136	-3.614723	8.091297	-3.866334	10.316776	-7.426063	9.671914	-1.015043	11.415078	-2.912855	11.992028	-2.208369	12.604169	-4.968727	14.160349	-2.664890	15.039671	-3.431254	14.826674	-4.151606	15.395817	-3.628741	13.011665	-8.266324	16.634626	-8.784849	14.579526	-9.973136	13.131767	-9.729397	12.531804	-10.979759	14.281684	-12.694399	12.485533	-12.071320	15.872608	-13.855479	16.197957	-14.780500	12.756755	-14.270046	12.567160	-14.444223	11.990388	-15.148861	13.914388	-17.053162	15.385332	-16.751057	13.535072	-17.401645	7.228584	-15.675802	7.759046	-16.063077	14.042184	-18.334530	
-0.624850	0.068049	-1.314006	6.354412	-2.572787	1.519670	-1.675959	7.162567	-1.636730	8.085710	-2.576628	7.729248	-0.904503	9.772022	-0.354620	10.277072	-1.095688	11.497460	-1.491165	11.514324	0.532398	12.485167	-0.230906	13.178364	-3.384522	7.367260	-3.651586	10.417078	-3.033905	6.295632	-5.152420	9.291975	-6.509950	8.425034	-4.348468	3.315084	-4.634623	2.798955	-5.815373	2.981040	-7.426063	5.561245	-6.959771	0.916129	-8.222282	2.290787	-8.640240	1.780464	-9.083737	3.780444	-10.211215	2.111240	-10.848315	2.666493	-10.693985	3.188394	-11.106364	2.809573	-9.378832	6.170058	-12.003899	6.545712	-10.514821	7.406759	-9.465864	7.230153	-9.031188	8.136076	-10.299005	9.378349	-8.997672	8.926932	-11.451659	10.219547	-11.687371	10.889734	-9.194185	10.519902	-9.056822	10.646094	-8.638945	11.156609	-10.032900	12.536296	-11.098609	12.317418	-9.758082	12.788774	-5.189108	11.538333	-5.573415	11.818920	-10.125490	13.464658	
0.863194	-0.092055	1.769700	-7.988511	3.401306	-1.740524	2.237846	-9.033696	2.187117	-10.227598	3.402703	-9.766590	1.240109	-12.408546	0.528934	-13.061738	1.487374	-14.640093	1.998855	-14.661906	-0.618268	-15.917520	0.368931	-16.814048	4.447575	-9.298451	4.792861	-13.242673	3.994070	-7.912481	6.733810	-11.787582	8.489568	-10.666297	5.694449	-4.058046	6.064468	-3.390609	7.591382	-3.626328	9.671914	-6.959771	9.072518	-0.954963	10.705259	-2.732887	11.245758	-2.072913	11.819228	-4.659068	13.277162	-2.500594	14.100981	-3.218588	13.901420	-3.893452	14.434661	-3.403620	12.200242	-7.749485	15.595646	-8.235351	13.669592	-9.349097	12.312817	-9.120677	11.750556	-10.292449	13.390422	-11.899252	11.707212	-11.315384	14.881320	-12.987286	15.186195	-13.854136	11.961399	-13.375779	11.783727	-13.539001	11.243228	-14.199319	13.046227	-15.983867	14.424659	-15.700763	12.690767	-16.310433	6.781227	-14.692993	7.278279	-15.055923	13.165989	-17.184650	
