0.195106	-0.027341	0.275110	-0.046212	0.259490	-0.077028	0.408115	-0.059562	0.462918	-0.089447	0.448711	-0.106028	0.514470	-0.101520	0.476028	-0.155905	0.368352	-0.126982	0.329261	-0.120112	0.319361	-0.137170	0.535214	-0.120203	0.529771	-0.137346	0.543591	-0.125145	0.484172	-0.235033	0.570586	-0.249225	0.486336	-0.270124	0.520893	-0.276656	0.419977	-0.213506	0.471379	-0.299780	0.387831	-0.307673	0.469733	-0.325892	0.512431	-0.341656	0.475201	-0.378666	0.470578	-0.382747	0.456447	-0.399354	0.549962	-0.370181	0.557278	-0.392478	0.536979	-0.439235	0.501660	-0.445798	0.342529	-0.335376	0.492419	-0.453967	0.504151	-0.476535	0.354742	-0.419372	0.342319	-0.409965	0.312597	-0.468745	0.292718	-0.372268	0.262224	-0.443975	0.221398	-0.407068	0.208186	-0.405810	0.178645	-0.460494	0.155087	-0.437460	
-0.027341	0.006108	-0.038432	0.008724	-0.036266	0.012996	-0.056870	0.010575	-0.064467	0.014718	-0.062497	0.017016	-0.071613	0.016391	-0.066284	0.023930	-0.051357	0.019921	-0.045938	0.018969	-0.044566	0.021333	-0.074489	0.018981	-0.073734	0.021358	-0.075650	0.019666	-0.067413	0.034900	-0.079392	0.036867	-0.067713	0.039764	-0.072503	0.040669	-0.058514	0.031915	-0.065640	0.043875	-0.054058	0.044969	-0.065411	0.047495	-0.071330	0.049680	-0.066169	0.054811	-0.065528	0.055376	-0.063570	0.057679	-0.076533	0.053634	-0.077547	0.056725	-0.074733	0.063207	-0.069837	0.064117	-0.047778	0.048810	-0.068556	0.065249	-0.070183	0.068378	-0.049471	0.060454	-0.047749	0.059150	-0.043628	0.067298	-0.040873	0.053924	-0.036645	0.063864	-0.030986	0.058748	-0.029154	0.058574	-0.025059	0.066154	-0.021794	0.062961	
0.275110	-0.038432	1.167242	-0.248121	0.993960	-0.588094	2.633008	-0.395305	3.236872	-0.724606	3.080324	-0.907314	3.804911	-0.857631	3.381328	-1.456892	2.194868	-1.138199	1.764137	-1.062501	1.655056	-1.250455	4.033491	-1.063500	3.973513	-1.252397	4.125795	-1.117957	3.471061	-2.328790	4.423240	-2.485167	3.494913	-2.715446	3.875684	-2.787418	2.763720	-2.091590	3.330107	-3.042223	2.409500	-3.129188	3.311971	-3.329941	3.782441	-3.503649	3.372215	-3.911448	3.321273	-3.956412	3.165575	-4.139408	4.195991	-3.817958	4.276604	-4.063645	4.052939	-4.578847	3.663764	-4.651159	1.910330	-3.434451	3.561934	-4.741176	3.691216	-4.989851	2.044906	-4.359981	1.908020	-4.256329	1.580517	-4.904010	1.361476	-3.840955	1.025467	-4.631074	0.575610	-4.224406	0.430029	-4.210546	0.104533	-4.813094	-0.155057	-4.559291	
-0.046212	0.008724	-0.248121	0.056597	-0.208817	0.133429	-0.579158	0.089845	-0.715529	0.164212	-0.680176	0.205473	-0.843810	0.194253	-0.748152	0.329585	-0.480212	0.257614	-0.382939	0.240519	-0.358306	0.282965	-0.895431	0.240745	-0.881886	0.283403	-0.916276	0.253043	-0.768417	0.526487	-0.983448	0.561801	-0.773803	0.613806	-0.859793	0.630059	-0.608677	0.472919	-0.736585	0.687602	-0.528683	0.707242	-0.732489	0.752578	-0.838736	0.791807	-0.746094	0.883900	-0.734590	0.894055	-0.699428	0.935381	-0.932128	0.862787	-0.950333	0.918271	-0.899823	1.034620	-0.811935	1.050950	-0.415955	0.776180	-0.788938	1.071279	-0.818134	1.127437	-0.446346	0.985193	-0.415433	0.961785	-0.341473	1.108052	-0.292006	0.867981	-0.216125	1.046414	-0.114533	0.954576	-0.081657	0.951446	-0.008149	1.087520	0.050474	1.030203	
0.259490	-0.036266	0.993960	-0.208817	0.851723	-0.488897	2.202473	-0.330126	2.700424	-0.601671	2.571333	-0.752334	3.168835	-0.711365	2.819544	-1.205521	1.841177	-0.942723	1.485994	-0.880302	1.396040	-1.035291	3.357324	-0.881126	3.307865	-1.036892	3.433439	-0.926032	2.893539	-1.924496	3.678714	-2.053446	2.913207	-2.243337	3.227194	-2.302685	2.310258	-1.728899	2.777306	-2.512800	2.018165	-2.584512	2.762351	-2.750055	3.150306	-2.893296	2.812029	-3.229571	2.770022	-3.266649	2.641632	-3.417549	3.491323	-3.152478	3.557797	-3.355074	3.373361	-3.779914	3.052444	-3.839544	1.606545	-2.836235	2.968473	-3.913773	3.075080	-4.118832	1.717518	-3.599435	1.604640	-3.513963	1.334578	-4.048047	1.153955	-3.171442	0.876878	-3.822982	0.505922	-3.487639	0.385875	-3.476210	0.117468	-3.973077	-0.096592	-3.763789	
-0.077028	0.012996	-0.588094	0.133429	-0.488897	0.328831	-1.431300	0.218066	-1.778735	0.407531	-1.688664	0.512653	-2.105559	0.484068	-1.861848	0.828855	-1.179212	0.645493	-0.931391	0.601940	-0.868627	0.710081	-2.237074	0.602515	-2.202565	0.711198	-2.290181	0.633848	-1.913477	1.330506	-2.461317	1.420478	-1.927200	1.552971	-2.146278	1.594380	-1.506504	1.194032	-1.832378	1.740983	-1.302702	1.791019	-1.821943	1.906524	-2.092631	2.006467	-1.856605	2.241096	-1.827295	2.266967	-1.737713	2.372255	-2.330569	2.187306	-2.376950	2.328664	-2.248263	2.625087	-2.024349	2.666693	-1.015502	1.966654	-1.965761	2.718485	-2.040144	2.861561	-1.092931	2.499162	-1.014173	2.439525	-0.825743	2.812172	-0.699716	2.200538	-0.506392	2.655137	-0.247565	2.421158	-0.163804	2.413184	0.023472	2.759863	0.172828	2.613836	
0.408115	-0.056870	2.633008	-0.579158	2.202473	-1.431300	6.340128	-0.949882	7.873132	-1.785890	7.475704	-2.249740	9.315245	-2.123607	8.239874	-3.644990	5.227700	-2.835868	4.134130	-2.643711	3.856955	-3.120877	9.895559	-2.646260	9.743288	-3.125825	10.129897	-2.784514	8.467686	-5.858531	10.885038	-6.255534	8.528238	-6.840159	9.494924	-7.022877	6.671914	-5.256339	8.109834	-7.669767	5.772635	-7.890551	8.063791	-8.400215	9.258204	-8.841218	8.216737	-9.876522	8.087408	-9.990676	7.692127	-10.455259	10.308109	-9.639172	10.512766	-10.262914	9.944934	-11.570887	8.956912	-11.754471	4.505360	-8.665541	8.698388	-11.983004	9.026605	-12.614330	4.847017	-11.015239	4.499496	-10.752091	3.668044	-12.396399	3.111951	-9.697558	2.258905	-11.703481	1.116826	-10.671048	0.747231	-10.635860	-0.079126	-12.165586	-0.738162	-11.521241	
-0.059562	0.010575	-0.395305	0.089845	-0.330126	0.218066	-0.949882	0.145872	-1.178696	0.270639	-1.119379	0.339870	-1.393927	0.321045	-1.233429	0.548107	-0.783872	0.427338	-0.620595	0.398665	-0.579250	0.469884	-1.480537	0.399049	-1.457811	0.470622	-1.515511	0.419683	-1.267431	0.878471	-1.628213	0.937723	-1.276468	1.024977	-1.420743	1.052247	-0.999416	0.788596	-1.214022	1.148793	-0.865201	1.181745	-1.207150	1.257811	-1.385413	1.323629	-1.229977	1.478146	-1.210675	1.495183	-1.151681	1.564521	-1.542109	1.442722	-1.572653	1.535814	-1.487906	1.731025	-1.340446	1.758425	-0.676064	1.297410	-1.301862	1.792533	-1.350848	1.886756	-0.727055	1.648096	-0.675189	1.608822	-0.551097	1.854231	-0.468101	1.451436	-0.340786	1.750815	-0.170334	1.596727	-0.115173	1.591475	0.008159	1.819783	0.106518	1.723616	
0.462918	-0.064467	3.236872	-0.715529	2.700424	-1.778735	7.873132	-1.178696	9.796077	-2.227078	9.297611	-2.808780	11.604455	-2.650548	10.255906	-4.558309	6.478654	-3.543496	5.107471	-3.302599	4.759755	-3.900995	12.332114	-3.305956	12.141167	-3.907314	12.625966	-3.479323	10.541603	-7.334017	13.572874	-7.831851	10.617532	-8.564946	11.829723	-8.794068	8.289767	-6.578890	10.092869	-9.605245	7.162102	-9.882100	10.035133	-10.521201	11.532884	-11.074203	10.226922	-12.372439	10.064748	-12.515584	9.569078	-13.098154	12.849429	-12.074810	13.106061	-12.856962	12.394020	-14.497114	11.155074	-14.727321	5.572984	-10.853911	10.830895	-15.013894	11.242467	-15.805554	6.001410	-13.800351	5.565630	-13.470372	4.523019	-15.532277	3.825698	-12.148024	2.756007	-14.663381	1.323881	-13.368746	0.860421	-13.324622	-0.175801	-15.242845	-1.002210	-14.434859	
-0.089447	0.014718	-0.724606	0.164212	-0.601671	0.407531	-1.785890	0.270639	-2.227078	0.511371	-2.112704	0.644774	-2.641998	0.608429	-2.332595	1.046127	-1.466046	0.813283	-1.151378	0.758015	-1.071576	0.895303	-2.808922	0.758829	-2.765111	0.896796	-2.876337	0.798605	-2.398143	1.682928	-3.093572	1.797139	-2.415562	1.965324	-2.693661	2.017889	-1.881532	1.509688	-2.295196	2.203987	-1.622826	2.267503	-2.281950	2.414124	-2.625561	2.540992	-2.325950	2.838831	-2.288744	2.871671	-2.175029	3.005323	-2.927599	2.770549	-2.986475	2.949989	-2.823120	3.326269	-2.538884	3.379082	-1.258254	2.490453	-2.464512	3.444827	-2.558934	3.626448	-1.356542	3.166419	-1.256567	3.090716	-1.017374	3.563753	-0.857396	2.787346	-0.611990	3.364413	-0.283434	3.067401	-0.177109	3.057278	0.060619	3.497353	0.250212	3.311986	
0.448711	-0.062497	3.080324	-0.680176	2.571333	-1.688664	7.475704	-1.119379	9.297611	-2.112704	8.825396	-2.663872	11.011095	-2.513964	9.733349	-4.321581	6.154362	-3.360061	4.855133	-3.131802	4.525697	-3.698785	11.700567	-3.134961	11.519643	-3.704752	11.978994	-3.299228	10.004044	-6.951590	12.876204	-7.423293	10.075987	-8.117908	11.224551	-8.335004	7.870405	-6.236099	9.578863	-9.103602	6.801931	-9.365925	9.524158	-9.971480	10.943293	-10.495456	9.705880	-11.725547	9.552218	-11.861178	9.082566	-12.413171	12.190733	-11.443541	12.433894	-12.184638	11.759228	-13.738699	10.585314	-13.956823	5.296225	-10.286727	10.278151	-14.228353	10.668120	-14.978460	5.702163	-13.078509	5.289257	-12.765850	4.301372	-14.719527	3.640653	-11.512912	2.627110	-13.896239	1.270155	-12.669559	0.831023	-12.627751	-0.150809	-14.445288	-0.933841	-13.679712	
-0.106028	0.017016	-0.907314	0.205473	-0.752334	0.512653	-2.249740	0.339870	-2.808780	0.644774	-2.663872	0.813954	-3.334504	0.767830	-2.942484	1.322405	-1.844522	1.027339	-1.445886	0.957336	-1.344748	1.131293	-3.546006	0.958391	-3.490497	1.133199	-3.631423	1.008788	-3.025536	2.129243	-3.906656	2.273950	-3.047608	2.487044	-3.399963	2.553643	-2.370983	1.909742	-2.895101	2.789433	-2.043198	2.869908	-2.878319	3.055679	-3.313679	3.216424	-2.934067	3.593789	-2.886927	3.635398	-2.742848	3.804737	-3.696366	3.507276	-3.770963	3.734628	-3.563990	4.211381	-3.203859	4.278297	-1.581280	3.152390	-3.109627	4.361596	-3.229262	4.591713	-1.705813	4.008849	-1.579142	3.912932	-1.276080	4.512278	-1.073386	3.528558	-0.762453	4.259711	-0.346168	3.883392	-0.211452	3.870566	0.089753	4.428147	0.329970	4.193285	
0.514470	-0.071613	3.804911	-0.843810	3.168835	-2.105559	9.315245	-1.393927	11.604455	-2.641998	11.011095	-3.334504	13.757546	-3.146222	12.152011	-5.417245	7.655358	-4.209113	6.023088	-3.922330	5.609056	-4.634688	14.623730	-3.926400	14.396395	-4.642304	14.973552	-4.132792	12.492144	-8.721702	16.100844	-9.314365	12.582537	-10.187109	14.025640	-10.459876	9.811356	-7.822723	11.957932	-11.425573	8.468884	-11.755167	11.889198	-12.516010	13.672255	-13.174353	12.117520	-14.719889	11.924454	-14.890301	11.334365	-15.583846	15.239587	-14.365565	15.545105	-15.296708	14.697428	-17.249292	13.222476	-17.523351	6.577056	-12.912098	12.836544	-17.864513	13.326517	-18.806977	7.087092	-16.419803	6.568301	-16.026967	5.327084	-18.481643	4.496930	-14.452725	3.223474	-17.447232	1.518543	-15.905982	0.966799	-15.853453	-0.266813	-18.137078	-1.250644	-17.175178	
-0.101520	0.016391	-0.857631	0.194253	-0.711365	0.484068	-2.123607	0.321045	-2.650548	0.608429	-2.513964	0.767830	-3.146222	0.724678	-2.776621	1.247241	-1.741605	0.969138	-1.365806	0.903110	-1.270480	1.067084	-3.345562	0.904117	-3.293228	1.068892	-3.426081	0.951620	-2.854914	2.007876	-3.685581	2.144296	-2.875721	2.345189	-3.207901	2.407975	-2.237840	1.800944	-2.731947	2.630263	-1.928825	2.706130	-2.716126	2.881264	-3.126557	3.032804	-2.768682	3.388562	-2.724241	3.427788	-2.588412	3.587431	-3.487332	3.307002	-3.557657	3.521336	-3.362535	3.970790	-3.023025	4.033874	-1.493356	2.972437	-2.934190	4.112404	-3.046973	4.329344	-1.610758	3.779855	-1.491341	3.689430	-1.205632	4.254457	-1.014544	3.327065	-0.721415	4.016353	-0.328967	3.661582	-0.201965	3.649490	0.081993	4.175144	0.308455	3.953730	
0.476028	-0.066284	3.381328	-0.748152	2.819544	-1.861848	8.239874	-1.233429	10.255906	-2.332595	9.733349	-2.942484	12.152011	-2.776621	10.738246	-4.776740	6.777900	-3.712781	5.340319	-3.460204	4.975739	-4.087577	12.914953	-3.463765	12.714752	-4.094263	13.223039	-3.645531	11.037690	-7.686992	14.215909	-8.208918	11.117307	-8.977568	12.388249	-9.217793	8.676730	-6.895260	10.567217	-10.068284	7.494416	-10.358557	10.506682	-11.028631	12.077020	-11.608434	10.707766	-12.969587	10.537732	-13.119669	10.018041	-13.730473	13.457370	-12.657533	13.726440	-13.477591	12.979890	-15.197232	11.680901	-15.438595	5.828282	-11.377465	11.341010	-15.739056	11.772529	-16.569084	6.277470	-14.466701	5.820571	-14.120730	4.727431	-16.282562	3.996314	-12.734296	2.874782	-15.371557	1.373249	-14.014179	0.887329	-13.967916	-0.199113	-15.979104	-1.065573	-15.131959	
-0.155905	0.023930	-1.456892	0.329585	-1.205521	0.828855	-3.644990	0.548107	-4.558309	1.046127	-4.321581	1.322405	-5.417245	1.247241	-4.776740	2.153403	-2.982970	1.671294	-2.331751	1.556881	-2.166468	1.841080	-5.762839	1.558542	-5.672147	1.844161	-5.902405	1.640884	-4.912455	3.471589	-6.352027	3.708034	-4.948513	4.056176	-5.524200	4.164989	-3.843021	3.112960	-4.699343	4.550229	-3.307479	4.681711	-4.671924	4.985230	-5.383227	5.247858	-4.763007	5.864409	-4.685988	5.932390	-4.450588	6.209062	-6.008473	5.723061	-6.130352	6.094516	-5.792193	6.873448	-5.203800	6.982776	-2.552785	5.143238	-5.049843	7.118874	-5.245304	7.494845	-2.756251	6.542545	-2.549293	6.385833	-2.054142	7.365061	-1.722974	5.757831	-1.214962	6.952410	-0.534825	6.337570	-0.314721	6.316614	0.177396	7.227606	0.569869	6.843882	
0.368352	-0.051357	2.194868	-0.480212	1.841177	-1.179212	5.227700	-0.783872	6.478654	-1.466046	6.154362	-1.844522	7.655358	-1.741605	6.777900	-2.982970	4.320239	-2.322836	3.427816	-2.166004	3.201741	-2.555337	8.128854	-2.168060	8.004608	-2.559359	8.320062	-2.280868	6.963784	-4.789094	8.936210	-5.113028	7.013192	-5.590049	7.801955	-5.739137	5.498532	-4.297737	6.671797	-6.266963	4.764770	-6.447111	6.634229	-6.862969	7.608804	-7.222803	6.759024	-8.067555	6.653499	-8.160699	6.330971	-8.539773	8.465470	-7.873890	8.632458	-8.382831	8.169139	-9.450065	7.362966	-9.599859	3.730743	-7.079461	7.152025	-9.786330	7.419832	-10.301457	4.009516	-8.996687	3.725958	-8.781972	3.047539	-10.123638	2.593797	-7.921530	1.897757	-9.558254	0.965883	-8.715845	0.664314	-8.687134	-0.009948	-9.935307	-0.547686	-9.409556	
-0.126982	0.019921	-1.138199	0.257614	-0.942723	0.645493	-2.835868	0.427338	-3.543496	0.813283	-3.360061	1.027339	-4.209113	0.969138	-3.712781	1.671294	-2.322836	1.298090	-1.818061	1.209198	-1.690008	1.429397	-4.476929	1.210353	-4.406649	1.431687	-4.585083	1.274161	-3.817920	2.692897	-4.933594	2.876123	-3.845867	3.145943	-4.292019	3.230273	-2.989123	2.414965	-3.652763	3.528830	-2.574083	3.630727	-3.631513	3.865951	-4.182766	4.069486	-3.702101	4.547306	-3.642413	4.599991	-3.459980	4.814409	-4.667326	4.437763	-4.761780	4.725637	-4.499711	5.329302	-4.043712	5.414030	-1.989201	3.988406	-3.924396	5.519504	-4.075877	5.810878	-2.146885	5.072855	-1.986495	4.951405	-1.602757	5.710297	-1.346105	4.464710	-0.952401	5.390497	-0.425302	4.914001	-0.254724	4.897761	0.126662	5.603771	0.430826	5.306388	
0.329261	-0.045938	1.764137	-0.382939	1.485994	-0.931391	4.134130	-0.620595	5.107471	-1.151378	4.855133	-1.445886	6.023088	-1.365806	5.340319	-2.331751	3.427816	-1.818061	2.733708	-1.695943	2.557704	-1.998983	6.391539	-1.697644	6.294860	-2.002127	6.540325	-1.785423	5.484957	-3.737174	7.019781	-3.989235	5.523403	-4.360426	6.137170	-4.476437	4.344790	-3.354829	5.257752	-4.887159	3.773823	-5.027338	5.228518	-5.350933	5.986871	-5.630933	5.325626	-6.288266	5.243513	-6.360744	4.992542	-6.655716	6.653474	-6.137568	6.783415	-6.533593	6.422888	-7.364048	5.795576	-7.480608	2.969208	-5.519393	5.631435	-7.625708	5.839825	-8.026548	3.186132	-7.011257	2.965485	-6.844180	2.437582	-7.888180	2.084508	-6.174638	1.542894	-7.448234	0.817769	-6.792724	0.583106	-6.770383	0.058438	-7.741633	-0.359996	-7.332526	
-0.120112	0.018969	-1.062501	0.240519	-0.880302	0.601940	-2.643711	0.398665	-3.302599	0.758015	-3.131802	0.957336	-3.922330	0.903110	-3.460204	1.556881	-2.166004	1.209198	-1.695943	1.126933	-1.576814	1.331713	-4.171683	1.127714	-4.106247	1.333790	-4.272381	1.187124	-3.558108	2.508043	-4.596858	2.678647	-3.584127	2.929860	-3.999521	3.008376	-2.786447	2.249278	-3.404335	3.286350	-2.400018	3.381223	-3.384550	3.600230	-3.897800	3.789734	-3.450272	4.234614	-3.394698	4.283667	-3.224842	4.483302	-4.348954	4.132622	-4.436897	4.400650	-4.192895	4.962699	-3.768332	5.041586	-1.855458	3.714244	-3.657242	5.139789	-3.798280	5.411076	-2.002271	4.723931	-1.852938	4.610854	-1.495656	5.317429	-1.256697	4.157711	-0.890135	5.019675	-0.399373	4.576029	-0.240554	4.560908	0.114539	5.218246	0.397733	4.941365	
0.319361	-0.044566	1.655056	-0.358306	1.396040	-0.868627	3.856955	-0.579250	4.759755	-1.071576	4.525697	-1.344748	5.609056	-1.270480	4.975739	-2.166468	3.201741	-1.690008	2.557704	-1.576814	2.395132	-1.857697	5.950829	-1.578282	5.861152	-1.860714	6.088839	-1.659704	5.109899	-3.470120	6.533582	-3.703927	5.145561	-4.048240	5.714883	-4.155850	4.052296	-3.115462	4.899147	-4.536830	3.522674	-4.666858	4.872030	-4.967020	5.575468	-5.226745	4.962106	-5.836478	4.885939	-5.903708	4.653141	-6.177320	6.193800	-5.696693	6.314331	-6.064040	5.979912	-6.834359	5.398025	-6.942479	2.776324	-5.123282	5.245770	-7.077071	5.439070	-7.448885	2.977540	-6.507115	2.772870	-6.352136	2.283194	-7.320537	1.955688	-5.731079	1.453294	-6.912449	0.780678	-6.304407	0.563008	-6.283683	0.076333	-7.184601	-0.311801	-6.805120	
-0.137170	0.021333	-1.250455	0.282965	-1.035291	0.710081	-3.120877	0.469884	-3.900995	0.895303	-3.698785	1.131293	-4.634688	1.067084	-4.087577	1.841080	-2.555337	1.429397	-1.998983	1.331713	-1.857697	1.574828	-4.929892	1.332992	-4.852423	1.576963	-5.049107	1.403327	-4.203490	2.967140	-5.433240	3.169114	-4.234292	3.466518	-4.726067	3.559471	-3.289938	2.660793	-4.021441	3.888558	-2.832455	4.000876	-3.998018	4.260153	-4.605643	4.484501	-4.075825	5.011184	-4.010033	5.069257	-3.808944	5.305601	-5.139753	4.890439	-5.243867	5.207751	-4.954998	5.873146	-4.452369	5.966539	-2.187764	4.395131	-4.320852	6.082799	-4.487823	6.403969	-2.361572	5.590475	-2.184781	5.456606	-1.761803	6.293102	-1.478905	4.920141	-1.044941	5.940599	-0.463940	5.415377	-0.275919	5.397476	0.144467	6.175683	0.479734	5.847890	
0.535214	-0.074489	4.033491	-0.895431	3.357324	-2.237074	9.895559	-1.480537	12.332114	-2.808922	11.700567	-3.546006	14.623730	-3.345562	12.914953	-5.762839	8.128854	-4.476929	6.391539	-4.171683	5.950829	-4.929892	15.545958	-4.175994	15.303870	-4.938023	15.918198	-4.395693	13.277015	-9.280071	17.118065	-9.910910	13.373230	-10.839838	14.909256	-11.130169	10.423610	-8.323206	12.708405	-12.158049	8.994693	-12.508866	12.635245	-13.318700	14.533116	-14.019436	12.878270	-15.664491	12.672771	-15.845876	12.044686	-16.584079	16.201372	-15.287351	16.526563	-16.278452	15.624302	-18.356767	14.054376	-18.648473	6.981047	-13.740293	13.643593	-19.011602	14.165115	-20.014753	7.523925	-17.473865	6.971728	-17.055733	5.650587	-19.668470	4.766978	-15.380124	3.411523	-18.567452	1.596808	-16.926959	1.009537	-16.871047	-0.303510	-19.301718	-1.350692	-18.277880	
-0.120203	0.018981	-1.063500	0.240745	-0.881126	0.602515	-2.646260	0.399049	-3.305956	0.758829	-3.134961	0.958391	-3.926400	0.904117	-3.463765	1.558542	-2.168060	1.210353	-1.697644	1.127714	-1.578282	1.332992	-4.175994	1.129197	-4.110485	1.335319	-4.276807	1.188499	-3.561798	2.510760	-4.601672	2.681548	-3.587845	2.933033	-4.003689	3.011634	-2.789303	2.251714	-3.407859	3.289909	-2.402455	3.384884	-3.388052	3.604129	-3.901858	3.793837	-3.453846	4.239199	-3.398212	4.288305	-3.228172	4.488156	-4.353500	4.137097	-4.441539	4.405415	-4.197272	4.968071	-3.772250	5.047044	-1.857306	3.718266	-3.661040	5.145353	-3.802230	5.416933	-2.004278	4.729046	-1.854784	4.615846	-1.497114	5.323185	-1.257897	4.162213	-0.890939	5.025109	-0.399646	4.580983	-0.240655	4.565846	0.114822	5.223895	0.398323	4.946714	
0.529771	-0.073734	3.973513	-0.881886	3.307865	-2.202565	9.743288	-1.457811	12.141167	-2.765111	11.519643	-3.490497	14.396395	-3.293228	12.714752	-5.672147	8.004608	-4.406649	6.294860	-4.106247	5.861152	-4.852423	15.303870	-4.110485	15.065850	-4.860392	15.670316	-4.326683	13.071054	-9.133547	16.851133	-9.754366	13.165742	-10.668551	14.677383	-10.954272	10.262950	-8.191875	12.511472	-11.965835	8.856717	-12.311082	12.439473	-13.108060	14.307214	-13.797671	12.678640	-15.416610	12.476404	-15.595116	11.858289	-16.321599	15.948985	-15.045457	16.269014	-16.020824	15.381077	-18.066144	13.836074	-18.353219	6.875039	-13.522960	13.431813	-18.710584	13.945056	-19.697809	7.409298	-17.197259	6.865868	-16.785766	5.565700	-19.357024	4.696119	-15.136758	3.362182	-18.273484	1.576277	-16.659035	0.998330	-16.604011	-0.293872	-18.996094	-1.324429	-17.988510	
-0.137346	0.021358	-1.252397	0.283403	-1.036892	0.711198	-3.125825	0.470622	-3.907314	0.896796	-3.704752	1.133199	-4.642304	1.068892	-4.094263	1.844161	-2.559359	1.431687	-2.002127	1.333790	-1.860714	1.576963	-4.938023	1.335319	-4.860392	1.579870	-5.057437	1.405772	-4.210395	2.972193	-5.442254	3.174507	-4.241252	3.472424	-4.733868	3.565535	-3.295289	2.665328	-4.028037	3.895185	-2.837020	4.007694	-4.004574	4.267415	-4.613237	4.492146	-4.082514	5.019729	-4.016609	5.077900	-3.815177	5.314648	-5.148260	4.898777	-5.252551	5.216631	-4.963189	5.883163	-4.459701	5.976716	-2.191228	4.402623	-4.327960	6.093174	-4.495216	6.414893	-2.365333	5.600009	-2.188239	5.465911	-1.764538	6.303837	-1.481158	4.928530	-1.046452	5.950731	-0.464459	5.424612	-0.276116	5.406681	0.144988	6.186217	0.480828	5.857863	
0.543591	-0.075650	4.125795	-0.916276	3.433439	-2.290181	10.129897	-1.515511	12.625966	-2.876337	11.978994	-3.631423	14.973552	-3.426081	13.223039	-5.902405	8.320062	-4.585083	6.540325	-4.272381	6.088839	-5.049107	15.918198	-4.276807	15.670316	-5.057437	16.299799	-4.501847	13.593953	-9.505545	17.528806	-10.151801	13.692517	-11.103409	15.266059	-11.400831	10.670853	-8.525307	13.011454	-12.453817	9.207036	-12.813202	12.936507	-13.642816	14.880732	-14.360666	13.185467	-16.045901	12.974950	-16.231717	12.331523	-16.987950	16.589734	-15.659550	16.922868	-16.674859	15.998570	-18.803934	14.390299	-19.102765	7.144208	-14.074706	13.969483	-19.474764	14.503743	-20.502416	7.700345	-17.899468	7.134662	-17.471124	5.781252	-20.147675	4.876062	-15.754589	3.487500	-19.019765	1.628462	-17.339204	1.026847	-17.281927	-0.318270	-19.771966	-1.391029	-18.723121	
-0.125145	0.019666	-1.117957	0.253043	-0.926032	0.633848	-2.784514	0.419683	-3.479323	0.798605	-3.299228	1.008788	-4.132792	0.951620	-3.645531	1.640884	-2.280868	1.274161	-1.785423	1.187124	-1.659704	1.403327	-4.395693	1.188499	-4.326683	1.405772	-4.501847	1.251282	-3.748786	2.643786	-4.844006	2.823669	-3.776219	3.088536	-4.214198	3.171320	-2.935172	2.370950	-3.586652	3.464408	-2.527733	3.564438	-3.565792	3.795353	-4.106946	3.995159	-3.635087	4.464226	-3.576492	4.515946	-3.397401	4.726435	-4.582629	4.356689	-4.675353	4.639289	-4.418084	5.231895	-3.970439	5.315071	-1.953568	3.915565	-3.853310	5.418613	-4.002015	5.704649	-2.108362	4.980146	-1.950910	4.860921	-1.574203	5.605911	-1.322253	4.383142	-0.935762	5.291969	-0.418319	4.824203	-0.250866	4.808260	0.123533	5.501336	0.422124	5.209401	
0.484172	-0.067413	3.471061	-0.768417	2.893539	-1.913477	8.467686	-1.267431	10.541603	-2.398143	10.004044	-3.025536	12.492144	-2.854914	11.037690	-4.912455	6.963784	-3.817920	5.484957	-3.558108	5.109899	-4.203490	13.277015	-3.561798	13.071054	-4.210395	13.593953	-3.748786	11.345947	-7.906240	14.615341	-8.443255	11.427818	-9.233918	12.735263	-9.481050	8.917114	-7.091765	10.861926	-10.355969	7.700841	-10.654581	10.799654	-11.343906	12.415105	-11.940364	11.006514	-13.340621	10.831596	-13.495015	10.296974	-14.123366	13.835110	-13.019603	14.111908	-13.863220	13.343912	-15.632262	12.007605	-15.880560	5.986846	-11.702761	11.657951	-16.189653	12.101866	-17.043525	6.448943	-14.880744	5.978918	-14.524834	4.854374	-16.748773	4.102254	-13.098571	2.948502	-15.811596	1.403833	-14.415223	0.903953	-14.367631	-0.213701	-16.436596	-1.105053	-15.565115	
-0.235033	0.034900	-2.328790	0.526487	-1.924496	1.330506	-5.858531	0.878471	-7.334017	1.682928	-6.951590	2.129243	-8.721702	2.007876	-7.686992	3.471589	-4.789094	2.692897	-3.737174	2.508043	-3.470120	2.967140	-9.280071	2.510760	-9.133547	2.972193	-9.505545	2.643786	-7.906240	5.601572	-10.232173	5.983492	-7.964503	6.546035	-8.894612	6.721835	-6.178406	5.022057	-7.561938	7.344246	-5.313189	7.556675	-7.517638	8.047050	-8.666847	8.471363	-7.664795	9.467487	-7.540360	9.577320	-7.160038	10.024321	-9.677019	9.239119	-9.873931	9.839256	-9.327589	11.097729	-8.376957	11.274365	-4.093874	8.302335	-8.128218	11.494250	-8.444013	12.101683	-4.422600	10.563110	-4.088230	10.309920	-3.288245	11.892000	-2.753197	9.295295	-1.932433	11.225305	-0.833576	10.231944	-0.477968	10.198088	0.317116	11.669922	0.951211	11.049962	
0.570586	-0.079392	4.423240	-0.983448	3.678714	-2.461317	10.885038	-1.628213	13.572874	-3.093572	12.876204	-3.906656	16.100844	-3.685581	14.215909	-6.352027	8.936210	-4.933594	7.019781	-4.596858	6.533582	-5.433240	17.118065	-4.601672	16.851133	-5.442254	17.528806	-4.844006	14.615341	-10.232173	18.853772	-10.928387	14.721507	-11.952934	16.416099	-12.273238	11.467467	-9.176554	13.988069	-13.407223	9.891015	-13.794250	13.907359	-14.687685	16.001133	-15.460751	14.175466	-17.275618	13.948755	-17.475727	13.255835	-18.290129	17.841590	-16.859548	18.200351	-17.952955	17.204955	-20.245801	15.472975	-20.567618	7.669494	-15.152793	15.019789	-20.968232	15.595145	-22.074932	8.268422	-19.271763	7.659225	-18.810470	6.201710	-21.692904	5.226891	-16.961897	3.731520	-20.478234	1.729482	-18.668403	1.081590	-18.606719	-0.366995	-21.288294	-1.522271	-20.158771	
-0.249225	0.036867	-2.485167	0.561801	-2.053446	1.420478	-6.255534	0.937723	-7.831851	1.797139	-7.423293	2.273950	-9.314365	2.144296	-8.208918	3.708034	-5.113028	2.876123	-3.989235	2.678647	-3.703927	3.169114	-9.910910	2.681548	-9.754366	3.174507	-10.151801	2.823669	-8.443255	5.983492	-10.928387	6.392423	-8.505500	6.992615	-9.499244	7.180459	-6.597231	5.364436	-8.075393	7.845458	-5.672753	8.072418	-8.028063	8.596359	-9.255911	9.049704	-8.185288	10.113995	-8.052338	10.231344	-7.645990	10.708932	-10.335206	9.870000	-10.545593	10.511204	-9.961865	11.855793	-8.946183	12.044516	-4.369991	8.869111	-8.680423	12.279447	-9.017827	12.928447	-4.721230	11.284590	-4.363980	11.014074	-3.509251	12.704416	-2.937590	9.930019	-2.060662	11.992099	-0.886611	10.930762	-0.506669	10.894589	0.342822	12.467141	1.020309	11.804757	
0.486336	-0.067713	3.494913	-0.773803	2.913207	-1.927200	8.528238	-1.276468	10.617532	-2.415562	10.075987	-3.047608	12.582537	-2.875721	11.117307	-4.948513	7.013192	-3.845867	5.523403	-3.584127	5.145561	-4.234292	13.373230	-3.587845	13.165742	-4.241252	13.692517	-3.776219	11.427818	-7.964503	14.721507	-8.505500	11.510362	-9.302013	12.827495	-9.550984	8.981000	-7.143978	10.940247	-10.432403	7.755685	-10.733231	10.877511	-11.427676	12.504958	-12.028565	11.085908	-13.439219	10.909691	-13.594759	10.371100	-14.227778	13.935509	-13.115817	14.214364	-13.965698	13.440663	-15.747878	12.094433	-15.998020	6.028966	-11.789198	11.742182	-16.309408	12.189394	-17.169621	6.494494	-14.990780	6.020979	-14.632227	4.888084	-16.872679	4.130379	-13.195372	2.968060	-15.928543	1.411921	-14.521801	0.908329	-14.473856	-0.217624	-16.558185	-1.115595	-15.680232	
-0.270124	0.039764	-2.715446	0.613806	-2.243337	1.552971	-6.840159	1.024977	-8.564946	1.965324	-8.117908	2.487044	-10.187109	2.345189	-8.977568	4.056176	-5.590049	3.145943	-4.360426	2.929860	-4.048240	3.466518	-10.839838	2.933033	-10.668551	3.472424	-11.103409	3.088536	-9.233918	6.546035	-11.952934	6.992615	-9.302013	7.650224	-10.389339	7.855721	-7.214029	5.868643	-8.831403	8.583341	-6.202527	8.831675	-8.779615	9.404943	-10.123079	9.900978	-8.951646	11.065480	-8.806178	11.193879	-8.361569	11.716437	-11.304002	10.798510	-11.534197	11.500091	-10.895506	12.971287	-9.784188	13.177779	-4.777129	9.703381	-9.493403	13.434831	-9.862578	14.144941	-5.161415	12.346299	-4.770526	12.050312	-3.835317	13.899815	-3.209828	10.864182	-2.250329	13.120426	-0.965729	11.959155	-0.550012	11.919576	0.379466	13.640198	1.120745	12.915444	
0.520893	-0.072503	3.875684	-0.859793	3.227194	-2.146278	9.494924	-1.420743	11.829723	-2.693661	11.224551	-3.399963	14.025640	-3.207901	12.388249	-5.524200	7.801955	-4.292019	6.137170	-3.999521	5.714883	-4.726067	14.909256	-4.003689	14.677383	-4.733868	15.266059	-4.214198	12.735263	-8.894612	16.416099	-9.499244	12.827495	-10.389339	14.299556	-10.667558	10.000865	-7.977667	12.190388	-11.652608	8.631462	-11.988810	12.120278	-12.764891	13.939058	-13.436430	12.353173	-15.012932	12.156238	-15.186759	11.554326	-15.894200	15.537795	-14.651509	15.849438	-15.601309	14.984776	-17.593017	13.480270	-17.872568	6.701710	-13.168915	13.086605	-18.220565	13.586394	-19.181913	7.221952	-16.746908	6.692766	-16.346200	5.426679	-18.850060	4.579891	-14.740416	3.280920	-17.794923	1.541826	-16.222792	0.979028	-16.169210	-0.279302	-18.498591	-1.282847	-17.517418	
-0.276656	0.040669	-2.787418	0.630059	-2.302685	1.594380	-7.022877	1.052247	-8.794068	2.017889	-8.335004	2.553643	-10.459876	2.407975	-9.217793	4.164989	-5.739137	3.230273	-4.476437	3.008376	-4.155850	3.559471	-11.130169	3.011634	-10.954272	3.565535	-11.400831	3.171320	-9.481050	6.721835	-12.273238	7.180459	-9.550984	7.855721	-10.667558	8.066817	-7.406796	6.026222	-9.067701	8.813987	-6.368052	9.069009	-9.014518	9.657708	-10.394148	10.167099	-9.191179	11.362949	-9.041795	11.494805	-8.585216	12.031431	-11.606864	11.088792	-11.843256	11.809260	-11.187370	13.320063	-10.046134	13.532114	-4.904256	9.964180	-9.747521	13.796087	-10.126634	14.525313	-5.298910	12.678249	-4.897499	12.374294	-3.937113	14.273588	-3.294785	11.156233	-2.309455	13.473217	-0.990272	12.280683	-0.563364	12.240039	0.391138	14.006982	1.152372	13.262717	
0.419977	-0.058514	2.763720	-0.608677	2.310258	-1.506504	6.671914	-0.999416	8.289767	-1.881532	7.870405	-2.370983	9.811356	-2.237840	8.676730	-3.843021	5.498532	-2.989123	4.344790	-2.786447	4.052296	-3.289938	10.423610	-2.789303	10.262950	-3.295289	10.670853	-2.935172	8.917114	-6.178406	11.467467	-6.597231	8.981000	-7.214029	10.000865	-7.406796	7.022569	-5.543084	8.539582	-8.089270	6.073821	-8.322199	8.491007	-8.859898	9.751120	-9.325160	8.652365	-10.417413	8.515922	-10.537846	8.098897	-11.027985	10.858778	-10.167007	11.074693	-10.825060	10.475626	-12.204982	9.433255	-12.398663	4.736836	-9.139819	9.160511	-12.639768	9.506782	-13.305821	5.097285	-11.618769	4.730648	-11.341145	3.853460	-13.075903	3.266777	-10.228605	2.366807	-12.344869	1.161905	-11.255644	0.771980	-11.218521	-0.099833	-12.832393	-0.795121	-12.152604	
-0.213506	0.031915	-2.091590	0.472919	-1.728899	1.194032	-5.256339	0.788596	-6.578890	1.509688	-6.236099	1.909742	-7.822723	1.800944	-6.895260	3.112960	-4.297737	2.414965	-3.354829	2.249278	-3.115462	2.660793	-8.323206	2.251714	-8.191875	2.665328	-8.525307	2.370950	-7.091765	5.022057	-9.176554	5.364436	-7.143978	5.868643	-7.977667	6.026222	-5.543084	4.502806	-6.783139	6.584110	-4.767504	6.774517	-6.743432	7.214060	-7.773514	7.594389	-6.875336	8.487253	-6.763801	8.585701	-6.422903	8.986365	-8.678970	8.282558	-8.855470	8.820485	-8.365762	9.948503	-7.513675	10.106828	-3.674583	7.442882	-7.290720	10.303919	-7.573779	10.848385	-3.969232	9.469302	-3.669524	9.242359	-2.952466	10.660438	-2.472882	8.332912	-1.737200	10.062853	-0.752252	9.172466	-0.433507	9.142119	0.279157	10.461381	0.847521	9.905686	
0.471379	-0.065640	3.330107	-0.736585	2.777306	-1.832378	8.109834	-1.214022	10.092869	-2.295196	9.578863	-2.895101	11.957932	-2.731947	10.567217	-4.699343	6.671797	-3.652763	5.257752	-3.404335	4.899147	-4.021441	12.708405	-3.407859	12.511472	-4.028037	13.011454	-3.586652	10.861926	-7.561938	13.988069	-8.075393	10.940247	-8.831403	12.190388	-9.067701	8.539582	-6.783139	10.399184	-9.904284	7.376629	-10.189795	10.339620	-10.848910	11.884259	-11.419223	10.537413	-12.758099	10.370162	-12.905724	9.858977	-13.506533	13.242019	-12.451152	13.506686	-13.257789	12.772354	-14.949287	11.494622	-15.186701	5.737768	-11.192040	11.160295	-15.482245	11.584751	-16.298688	6.179621	-14.230711	5.730200	-13.890403	4.654950	-16.016856	3.935798	-12.526659	2.832621	-15.120759	1.355661	-13.785596	0.877693	-13.740090	-0.190969	-15.718364	-1.043249	-14.885083	
-0.299780	0.043875	-3.042223	0.687602	-2.512800	1.740983	-7.669767	1.148793	-9.605245	2.203987	-9.103602	2.789433	-11.425573	2.630263	-10.068284	4.550229	-6.266963	3.528830	-4.887159	3.286350	-4.536830	3.888558	-12.158049	3.289909	-11.965835	3.895185	-12.453817	3.464408	-10.355969	7.344246	-13.407223	7.845458	-10.432403	8.583341	-11.652608	8.813987	-8.089270	6.584110	-9.904284	9.630559	-6.954110	9.909216	-9.846159	10.552551	-11.353811	11.109209	-10.039213	12.416027	-9.875967	12.560118	-9.377021	13.146540	-12.679058	12.116430	-12.937387	12.903753	-12.220638	14.554748	-10.973502	14.786477	-5.354495	10.887466	-10.647180	15.074944	-11.061473	15.871839	-5.785766	13.853379	-5.347106	13.521218	-4.297602	15.596755	-3.595670	12.190128	-2.518908	14.722115	-1.077313	13.418921	-0.610790	13.374505	0.432283	15.305410	1.264156	14.492081	
0.387831	-0.054058	2.409500	-0.528683	2.018165	-1.302702	5.772635	-0.865201	7.162102	-1.622826	6.801931	-2.043198	8.468884	-1.928825	7.494416	-3.307479	4.764770	-2.574083	3.773823	-2.400018	3.522674	-2.832455	8.994693	-2.402455	8.856717	-2.837020	9.207036	-2.527733	7.700841	-5.313189	9.891015	-5.672753	7.755685	-6.202527	8.631462	-6.368052	6.073821	-4.767504	7.376629	-6.954110	5.259320	-7.154098	7.334917	-7.615848	8.416984	-8.015361	7.473485	-8.953282	7.356321	-9.056698	6.998222	-9.477579	9.368129	-8.738258	9.553534	-9.303328	9.039115	-10.488265	8.144032	-10.654580	4.111230	-7.856206	7.909827	-10.861615	8.207170	-11.433554	4.420741	-9.984885	4.105910	-9.746490	3.352670	-11.236124	2.848887	-8.791154	2.076084	-10.608386	1.041437	-9.673070	0.706608	-9.641193	-0.042016	-11.027023	-0.639059	-10.443288	
-0.307673	0.044969	-3.129188	0.707242	-2.584512	1.791019	-7.890551	1.181745	-9.882100	2.267503	-9.365925	2.869908	-11.755167	2.706130	-10.358557	4.681711	-6.447111	3.630727	-5.027338	3.381223	-4.666858	4.000876	-12.508866	3.384884	-12.311082	4.007694	-12.813202	3.564438	-10.654581	7.556675	-13.794250	8.072418	-10.733231	8.831675	-11.988810	9.069009	-8.322199	6.774517	-10.189795	9.909216	-7.154098	10.196023	-10.129991	10.857969	-11.681362	11.430776	-10.328638	12.775492	-10.160658	12.923761	-9.647241	13.527191	-13.045046	12.467206	-13.310867	13.277363	-12.573331	14.976241	-11.290025	15.214690	-5.508069	11.202598	-10.954239	15.511524	-11.380547	16.331530	-5.951831	14.254530	-5.500449	13.912736	-4.420506	16.048468	-3.698217	12.543041	-2.590225	15.148461	-1.106821	13.807471	-0.626767	13.761767	0.446558	15.748674	1.302557	14.911756	
0.469733	-0.065411	3.311971	-0.732489	2.762351	-1.821943	8.063791	-1.207150	10.035133	-2.281950	9.524158	-2.878319	11.889198	-2.716126	10.506682	-4.671924	6.634229	-3.631513	5.228518	-3.384550	4.872030	-3.998018	12.635245	-3.388052	12.439473	-4.004574	12.936507	-3.565792	10.799654	-7.517638	13.907359	-8.028063	10.877511	-8.779615	12.120278	-9.014518	8.491007	-6.743432	10.339620	-9.846159	7.334917	-10.129991	10.280443	-10.785224	11.815956	-11.352168	10.477056	-12.683145	10.310792	-12.829900	9.802622	-13.427163	13.165703	-12.378010	13.428808	-13.179887	12.698810	-14.861404	11.428618	-15.097417	5.705717	-11.126321	11.096263	-15.391217	11.518215	-16.202844	6.144976	-14.147068	5.698206	-13.808767	4.629299	-15.922674	3.914391	-12.453069	2.817722	-15.031865	1.349477	-13.704578	0.874329	-13.659341	-0.188028	-15.625943	-1.035279	-14.797579	
-0.325892	0.047495	-3.329941	0.752578	-2.750055	1.906524	-8.400215	1.257811	-10.521201	2.414124	-9.971480	3.055679	-12.516010	2.881264	-11.028631	4.985230	-6.862969	3.865951	-5.350933	3.600230	-4.967020	4.260153	-13.318700	3.604129	-13.108060	4.267415	-13.642816	3.795353	-11.343906	8.047050	-14.687685	8.596359	-11.427676	9.404943	-12.764891	9.657708	-8.859898	7.214060	-10.848910	10.552551	-7.615848	10.857969	-10.785224	11.563019	-12.437454	12.173036	-10.996784	13.605181	-10.817883	13.763090	-10.271088	14.405750	-13.889790	13.276853	-14.172892	14.139680	-13.387408	15.949005	-12.020672	16.202956	-5.862775	11.930026	-11.663056	16.519087	-12.117079	17.392404	-6.335433	15.180374	-5.854705	14.816359	-4.704554	17.090939	-3.935307	13.357618	-2.755283	16.132422	-1.175440	14.704251	-0.664177	14.655576	0.478927	16.771654	1.390576	15.880328	
0.512431	-0.071330	3.782441	-0.838736	3.150306	-2.092631	9.258204	-1.385413	11.532884	-2.625561	10.943293	-3.313679	13.672255	-3.126557	12.077020	-5.383227	7.608804	-4.182766	5.986871	-3.897800	5.575468	-4.605643	14.533116	-3.901858	14.307214	-4.613237	14.880732	-4.106946	12.415105	-8.666847	16.001133	-9.255911	12.504958	-10.123079	13.939058	-10.394148	9.751120	-7.773514	11.884259	-11.353811	8.416984	-11.681362	11.815956	-12.437454	13.587940	-13.091708	12.042857	-14.627624	11.850991	-14.796977	11.264572	-15.486212	15.145505	-14.275515	15.449122	-15.200866	14.606722	-17.141303	13.140944	-17.413658	6.536909	-12.831078	12.757413	-17.752698	13.244338	-18.689302	7.043709	-16.316971	6.528143	-15.926577	5.294643	-18.365991	4.469650	-14.362123	3.204112	-17.338012	1.509781	-15.806345	0.961468	-15.754142	-0.264475	-18.023569	-1.242189	-17.067649	
-0.341656	0.049680	-3.503649	0.791807	-2.893296	2.006467	-8.841218	1.323629	-11.074203	2.540992	-10.495456	3.216424	-13.174353	3.032804	-11.608434	5.247858	-7.222803	4.069486	-5.630933	3.789734	-5.226745	4.484501	-14.019436	3.793837	-13.797671	4.492146	-14.360666	3.995159	-11.940364	8.471363	-15.460751	9.049704	-12.028565	9.900978	-13.436430	10.167099	-9.325160	7.594389	-11.419223	11.109209	-8.015361	11.430776	-11.352168	12.173036	-13.091708	12.815346	-11.574910	14.323144	-11.386554	14.489397	-10.810866	15.166020	-14.620793	13.977471	-14.918856	14.885892	-14.091866	16.790828	-12.652906	17.058199	-6.169648	12.559464	-12.276392	17.391036	-12.754407	18.310503	-6.667232	15.981579	-6.161100	15.598328	-4.950169	17.993108	-4.140271	14.062499	-2.897889	16.983937	-1.234558	15.480296	-0.696278	15.429048	0.507233	17.656951	1.467059	16.718522	
0.475201	-0.066169	3.372215	-0.746094	2.812029	-1.856605	8.216737	-1.229977	10.226922	-2.325950	9.705880	-2.934067	12.117520	-2.768682	10.707766	-4.763007	6.759024	-3.702101	5.325626	-3.450272	4.962106	-4.075825	12.878270	-3.453846	12.678640	-4.082514	13.185467	-3.635087	11.006514	-7.664795	14.175466	-8.185288	11.085908	-8.951646	12.353173	-9.191179	8.652365	-6.875336	10.537413	-10.039213	7.473485	-10.328638	10.477056	-10.996784	12.042857	-11.574910	10.677573	-12.932129	10.508022	-13.081774	9.989834	-13.690811	13.419213	-12.620978	13.687503	-13.438663	12.943115	-15.153328	11.647884	-15.393993	5.812175	-11.344607	11.308977	-15.693585	11.739248	-16.521211	6.260082	-14.424910	5.804505	-14.079940	4.714528	-16.235518	3.985526	-12.697517	2.867239	-15.327148	1.370050	-13.973697	0.885536	-13.927568	-0.197763	-15.932938	-1.061717	-15.088244	
-0.378666	0.054811	-3.911448	0.883900	-3.229571	2.241096	-9.876522	1.478146	-12.372439	2.838831	-11.725547	3.593789	-14.719889	3.388562	-12.969587	5.864409	-8.067555	4.547306	-6.288266	4.234614	-5.836478	5.011184	-15.664491	4.239199	-15.416610	5.019729	-16.045901	4.464226	-13.340621	9.467487	-17.275618	10.113995	-13.439219	11.065480	-15.012932	11.362949	-10.417413	8.487253	-12.758099	12.416027	-8.953282	12.775492	-12.683145	13.605181	-14.627624	14.323144	-12.932129	16.008639	-12.721580	16.194453	-12.078067	16.950792	-16.336857	15.622210	-16.670034	16.637658	-15.745612	18.767023	-14.137123	19.065894	-6.890103	14.037135	-13.716250	19.437944	-14.250582	20.465734	-7.446262	17.862435	-6.880502	17.434032	-5.526910	20.110945	-4.621597	15.717266	-3.232848	18.982883	-1.373558	17.302095	-0.771863	17.244810	0.573436	19.735185	1.646340	18.686198	
