0.159769	-0.009550	0.436225	-0.052960	0.391243	-0.160760	0.637903	-0.296468	0.896374	-0.064127	0.775707	-0.310547	1.051007	-0.216181	1.096506	-0.154458	1.280752	-0.183619	1.357974	-0.244314	1.388765	-0.259402	1.343139	-0.305791	1.159743	-0.383982	1.208036	-0.659625	1.514973	-0.687740	1.224389	-0.782180	1.347180	-0.796505	0.977510	-0.600183	1.179261	-0.889900	1.180018	-0.981913	0.888274	-0.938292	1.212202	-1.165674	1.333737	-1.026655	1.196987	-1.181136	1.151484	-1.242857	1.472509	-1.117532	1.503813	-1.193943	1.321443	-1.394810	1.443862	-1.363136	1.291020	-1.425732	1.337653	-1.502036	0.799550	-1.337757	0.753303	-1.307470	0.663064	-1.522924	0.735794	-1.046877	0.568257	-1.186316	0.324047	-1.326362	0.478412	-1.447774	0.245715	-1.127648	0.278043	-1.326733	0.427646	-0.880730	0.320717	-0.927648	0.184885	-1.189497	0.095057	-1.450970	0.319535	-0.820255	0.187678	-1.526863	
-0.009550	0.001981	-0.025943	0.004555	-0.023275	0.010947	-0.037901	0.018994	-0.053227	0.005217	-0.046072	0.019829	-0.062396	0.014233	-0.065094	0.010574	-0.076019	0.012303	-0.080598	0.015902	-0.082423	0.016796	-0.079718	0.019547	-0.068843	0.024183	-0.071707	0.040527	-0.089907	0.042194	-0.072677	0.047794	-0.079958	0.048644	-0.058038	0.037003	-0.070001	0.054181	-0.070046	0.059637	-0.052747	0.057051	-0.071954	0.070533	-0.079160	0.062290	-0.071052	0.071450	-0.068354	0.075110	-0.087389	0.067679	-0.089245	0.072210	-0.078431	0.084120	-0.085690	0.082242	-0.076628	0.085954	-0.079393	0.090478	-0.047486	0.080737	-0.044744	0.078941	-0.039393	0.091717	-0.043706	0.063489	-0.033771	0.071757	-0.019291	0.080061	-0.028444	0.087261	-0.014646	0.068279	-0.016563	0.080083	-0.025434	0.053638	-0.019094	0.056420	-0.011039	0.071946	-0.005713	0.087450	-0.019024	0.050052	-0.011205	0.091950	
0.436225	-0.025943	3.878904	-0.563833	3.320038	-1.902569	6.383033	-3.587955	9.592845	-0.702588	8.094361	-3.762728	11.513150	-2.590852	12.078172	-1.824355	14.366214	-2.186479	15.325193	-2.940214	15.707567	-3.127588	15.140956	-3.703667	12.863472	-4.674679	13.463202	-8.097724	17.274871	-8.446865	13.666281	-9.619658	15.191145	-9.797557	10.600435	-7.359544	13.105856	-10.957370	13.115260	-12.100027	9.492261	-11.558326	13.514937	-14.382052	15.024201	-12.655650	13.325988	-14.574061	12.760913	-15.340541	16.747533	-13.784204	17.136274	-14.733105	14.871532	-17.227558	16.391782	-16.834208	14.493729	-17.611552	15.072833	-18.559124	8.390451	-16.519051	7.816131	-16.142931	6.695511	-18.818527	7.598701	-12.906772	5.518158	-14.638393	2.485463	-16.377540	4.402427	-17.885284	1.512692	-13.909828	1.914165	-16.382150	3.771997	-10.843497	2.444100	-11.426148	0.757286	-14.677890	-0.358229	-17.924966	2.429425	-10.092487	0.791968	-18.867436	
-0.052960	0.004555	-0.563833	0.084728	-0.480839	0.283243	-0.934961	0.532960	-1.410714	0.105300	-1.188610	0.558871	-1.695340	0.385177	-1.779087	0.271568	-2.118219	0.325241	-2.260358	0.436959	-2.317033	0.464732	-2.233051	0.550118	-1.895484	0.694040	-1.984375	1.201401	-2.549338	1.253150	-2.014475	1.426981	-2.240490	1.453349	-1.560058	1.091989	-1.931410	1.625255	-1.932804	1.794619	-1.395806	1.714329	-1.992043	2.132859	-2.215745	1.876973	-1.964038	2.161318	-1.880283	2.274925	-2.471176	2.044246	-2.528795	2.184892	-2.193117	2.554617	-2.418447	2.496315	-2.137119	2.611533	-2.222953	2.751981	-1.232496	2.449603	-1.147371	2.393855	-0.981274	2.790430	-1.115144	1.914194	-0.806767	2.170854	-0.357264	2.428629	-0.641395	2.652105	-0.213081	2.062866	-0.272587	2.429312	-0.547953	1.608377	-0.351133	1.694737	-0.101115	2.176708	0.064226	2.657987	-0.348958	1.497063	-0.106255	2.797679	
0.391243	-0.023275	3.320038	-0.480839	2.845389	-1.620032	5.452513	-3.055024	8.184969	-0.598815	6.909329	-3.203885	9.819707	-2.206276	10.300704	-1.553764	12.248493	-1.862037	13.064862	-2.503684	13.390374	-2.663194	12.908023	-3.153604	10.969223	-3.980217	11.479767	-6.894223	14.724604	-7.191443	11.652646	-8.189830	12.950748	-8.341274	9.042721	-6.265817	11.175562	-9.328611	11.183567	-10.301344	8.099344	-9.840200	11.523808	-12.244010	12.808630	-10.774341	11.362958	-12.407466	10.881915	-13.059962	14.275686	-11.735068	14.606617	-12.542858	12.678665	-14.666361	13.972839	-14.331507	12.357045	-14.993252	12.850030	-15.799910	7.161383	-14.063216	6.672470	-13.743029	5.718498	-16.020738	6.487375	-10.988118	4.716229	-12.462230	2.134525	-13.942749	3.766418	-15.226277	1.306414	-11.842010	1.648185	-13.946673	3.229739	-9.231672	2.099313	-9.727678	0.663345	-12.495854	-0.286283	-15.260058	2.086820	-8.592345	0.692868	-16.062374	
-0.160760	0.010947	-1.902569	0.283243	-1.620032	0.961483	-3.172265	1.815909	-4.799169	0.353482	-4.039653	1.904540	-5.772491	1.310564	-6.058877	0.922059	-7.218589	1.105604	-7.704655	1.487641	-7.898464	1.582613	-7.611273	1.874603	-6.456912	2.366768	-6.760890	4.101765	-8.692865	4.278730	-6.863822	4.873170	-7.636711	4.963339	-5.309874	3.727613	-6.579766	5.551199	-6.584533	6.130364	-4.748187	5.855799	-6.787112	7.287026	-7.552094	6.411986	-6.691342	7.384348	-6.404929	7.772844	-8.425579	6.984003	-8.622615	7.464960	-7.474713	8.729293	-8.245264	8.529921	-7.283221	8.923924	-7.576744	9.404208	-4.189726	8.370181	-3.898628	8.179542	-3.330633	9.535689	-3.788422	6.539269	-2.733882	7.416955	-1.196737	8.298455	-2.168365	9.062667	-0.703680	7.047676	-0.907170	8.300792	-1.848827	5.493482	-1.175772	5.788803	-0.320797	7.436974	0.244611	9.082780	-1.168333	5.112827	-0.338375	9.560478	
0.637903	-0.037901	6.383033	-0.934961	5.452513	-3.172265	10.582532	-6.010108	15.966062	-1.167109	13.453581	-6.298122	19.185872	-4.333193	20.133253	-3.047996	23.969648	-3.655173	25.577582	-4.918972	26.218715	-5.233146	25.268670	-6.199066	21.449978	-7.827176	22.455554	-13.566647	28.846636	-14.152057	22.796059	-16.118495	25.352821	-16.416781	17.655510	-12.328929	21.856386	-18.361455	21.872154	-20.277366	15.797420	-19.369088	22.542298	-24.103669	25.072903	-21.208987	22.225485	-24.425614	21.278015	-25.710782	27.962439	-23.101250	28.614246	-24.692285	24.816922	-28.874771	27.365947	-28.215235	24.183454	-29.518619	25.154445	-31.107426	13.949999	-27.686807	12.987028	-27.056161	11.108069	-31.542372	12.622461	-21.630046	9.133985	-24.533480	4.049020	-27.449533	7.263222	-29.977589	2.417961	-23.311885	3.091118	-27.457262	6.206171	-18.170523	3.979667	-19.147464	1.151362	-24.599705	-0.719040	-30.044124	3.955060	-16.911295	1.209512	-31.624378	
-0.296468	0.018994	-3.587955	0.532960	-3.055024	1.815909	-6.010108	3.496711	-9.141033	0.670592	-7.681810	3.650593	-11.011046	2.509401	-11.561270	1.762979	-13.789387	2.115619	-14.723249	2.849613	-15.095609	3.032080	-14.543838	3.593071	-12.326002	4.538651	-12.910025	7.872045	-16.621864	8.212041	-13.107785	9.354118	-14.592712	9.527358	-10.122236	7.153198	-12.562038	10.656794	-12.571196	11.769524	-9.043086	11.242011	-12.960405	13.991780	-14.430140	12.310595	-12.776405	14.178761	-12.226129	14.925166	-16.108337	13.409591	-16.486896	14.333639	-14.281470	16.762761	-15.761903	16.379713	-13.913562	17.136697	-14.477498	18.059451	-7.970133	16.072810	-7.410855	15.706541	-6.319586	18.312061	-7.199120	12.555139	-5.173069	14.241408	-2.219802	15.935005	-4.086559	17.403260	-1.272508	13.531925	-1.663467	15.939494	-3.472641	10.545903	-2.179522	11.113295	-0.536888	14.279870	0.549412	17.441903	-2.165231	9.814563	-0.570661	18.359689	
0.896374	-0.053227	9.592845	-1.410714	8.184969	-4.799169	15.966062	-9.141033	24.214785	-1.779059	20.352355	-9.664118	29.163077	-6.644859	30.619073	-4.669677	36.515110	-5.602869	38.986297	-7.545134	39.971636	-8.027976	38.511540	-9.512466	32.642705	-12.014646	34.188146	-20.835512	44.010432	-21.735195	34.711461	-24.757391	38.640890	-25.215821	26.811068	-18.933293	33.267299	-28.204547	33.291532	-31.149067	23.955404	-29.753157	34.321461	-37.029629	38.210692	-32.580856	33.834558	-37.524420	32.378413	-39.499566	42.651557	-35.489033	43.653305	-37.934261	37.817280	-44.362231	41.734821	-43.348605	36.843718	-45.351747	38.336013	-47.793550	21.116143	-42.536475	19.636176	-41.567250	16.748445	-48.462008	19.075880	-33.227972	13.714518	-37.690197	5.899548	-42.171814	10.839384	-46.057128	3.392809	-35.812754	4.427368	-42.183693	9.214825	-27.911108	5.792960	-29.412546	1.446200	-37.791976	-1.428379	-46.159384	5.755143	-25.975827	1.535570	-48.588041	
-0.064127	0.005217	-0.702588	0.105300	-0.598815	0.353482	-1.167109	0.670592	-1.779059	0.135265	-1.490134	0.724577	-2.148933	0.498986	-2.257772	0.351335	-2.698517	0.421101	-2.883245	0.566286	-2.956903	0.602379	-2.847756	0.713348	-2.409044	0.900391	-2.524570	1.559784	-3.258818	1.627035	-2.563690	1.852959	-2.857429	1.887229	-1.973106	1.417586	-2.455733	2.110647	-2.457545	2.330761	-1.759634	2.226412	-2.534536	2.770355	-2.825271	2.437793	-2.498138	2.807343	-2.389286	2.954993	-3.157242	2.655190	-3.232127	2.837980	-2.795862	3.318495	-3.088713	3.242723	-2.723084	3.392465	-2.834639	3.575000	-1.547388	3.182013	-1.436755	3.109560	-1.220886	3.624969	-1.394871	2.486167	-0.994089	2.819735	-0.409890	3.154753	-0.779161	3.445195	-0.222502	2.679390	-0.299839	3.155641	-0.657719	2.088712	-0.401922	2.200950	-0.076985	2.827344	0.137900	3.452839	-0.399095	1.944042	-0.083666	3.634391	
0.775707	-0.046072	8.094361	-1.188610	6.909329	-4.039653	13.453581	-7.681810	20.352355	-1.490134	17.131642	-8.070455	24.481361	-5.550161	25.696220	-3.902114	30.615753	-4.680676	32.677653	-6.301315	33.499797	-6.704192	32.281524	-7.942823	27.384701	-10.030614	28.674181	-17.390464	36.869637	-18.141170	29.110818	-20.662758	32.389412	-21.045256	22.518974	-15.803309	27.905854	-23.538956	27.926074	-25.995770	20.136309	-24.831064	28.785415	-30.902324	32.030465	-27.190409	28.379159	-31.315162	27.164197	-32.963160	35.735782	-29.616899	36.571609	-31.657120	31.702215	-37.020413	34.970886	-36.174676	30.889906	-37.846034	32.135029	-39.883397	17.767320	-35.497061	16.532482	-34.688370	14.123050	-40.441137	16.064988	-27.730341	11.591638	-31.453480	5.071075	-35.192799	9.192717	-38.434582	2.979531	-29.887001	3.842735	-35.202710	7.837237	-23.294119	4.982141	-24.546871	1.355343	-31.538401	-1.043115	-38.519901	4.950588	-21.679381	1.429910	-40.546296	
-0.310547	0.019829	-3.762728	0.558871	-3.203885	1.904540	-6.298122	3.650593	-9.664118	0.724577	-8.070455	4.001749	-11.718492	2.744071	-12.322672	1.924507	-14.769193	2.311396	-15.794561	3.117557	-16.203404	3.317926	-15.597556	3.933917	-13.162378	4.972285	-13.803630	8.631991	-17.879057	9.005436	-14.020752	10.259158	-15.651050	10.449351	-10.742907	7.842755	-13.421576	11.689359	-13.431631	12.911017	-9.558160	12.331854	-13.858943	15.350817	-15.472554	13.505054	-13.656931	15.556101	-13.052788	16.375573	-17.315034	14.711635	-17.730650	15.726141	-15.309330	18.393054	-16.934686	17.972509	-14.905407	18.803596	-15.524548	19.816680	-8.380169	17.635563	-7.766142	17.233439	-6.568043	20.094020	-7.533679	13.773534	-5.309290	15.624878	-2.066918	17.484268	-4.116419	19.096255	-1.026890	14.845941	-1.456121	17.489196	-3.442401	11.567608	-2.022695	12.190543	-0.219257	15.667106	0.973384	19.138680	-2.007005	10.764674	-0.256336	20.146312	
1.051007	-0.062396	11.513150	-1.695340	9.819707	-5.772491	19.185872	-11.011046	29.163077	-2.148933	24.481361	-11.718492	35.170471	-8.053688	36.937401	-5.656669	44.092180	-6.788771	47.090912	-9.145942	48.286590	-9.731880	46.514787	-11.533288	39.393095	-14.569587	41.268447	-25.273424	53.187558	-26.365219	41.903473	-30.032495	46.671708	-30.588781	32.316605	-22.965143	40.151030	-34.215503	40.180437	-37.788579	28.851366	-36.094685	41.430221	-44.924443	46.149673	-39.526007	40.839382	-45.524856	39.072398	-47.921629	51.538513	-43.054982	52.754100	-46.022184	45.672280	-53.822308	50.426084	-52.592308	44.490895	-55.023053	46.301745	-57.986098	25.406017	-51.606816	23.610126	-50.430694	20.105961	-58.797250	22.930226	-40.311260	16.424392	-45.726019	6.941189	-51.164312	12.935514	-55.879010	3.899345	-43.447805	5.154748	-51.178726	10.964167	-33.859424	6.811848	-35.681368	1.537201	-45.849525	-1.951004	-56.003094	6.765958	-31.511025	1.645648	-58.950188	
-0.216181	0.014233	-2.590852	0.385177	-2.206276	1.310564	-4.333193	2.509401	-6.644859	0.498986	-5.550161	2.744071	-8.053688	1.883942	-8.467966	1.321877	-10.145334	1.587023	-10.848325	2.139828	-11.128616	2.277209	-10.713247	2.699521	-9.043726	3.411286	-9.483356	5.920490	-12.277521	6.176482	-9.632222	7.036114	-10.749995	7.166516	-7.384860	5.379380	-9.221413	8.016695	-9.228306	8.854296	-6.572551	8.457210	-9.521282	10.527086	-10.627615	9.261583	-9.382777	10.667834	-8.968561	11.229686	-11.890867	10.088846	-12.175825	10.784418	-10.515705	12.612923	-11.630091	12.324586	-10.238765	12.894401	-10.663264	13.588998	-5.764891	12.093567	-5.343898	11.817860	-4.522451	13.779149	-5.184516	9.445661	-3.659417	10.714990	-1.436364	11.989835	-2.841554	13.095055	-0.723295	10.180931	-1.017586	11.993214	-2.379431	7.933222	-1.406044	8.360322	-0.169561	10.743942	0.648145	13.124143	-1.395286	7.382710	-0.194983	13.815001	
1.096506	-0.065094	12.078172	-1.779087	10.300704	-6.058877	20.133253	-11.561270	30.619073	-2.257772	25.696220	-12.322672	36.937401	-8.467966	38.795912	-5.946963	46.320651	-7.137550	49.474478	-9.616683	50.731996	-10.232929	48.868554	-12.127511	41.378515	-15.320854	43.350862	-26.578280	55.886444	-27.726563	44.018731	-31.583484	49.033572	-32.168539	33.936044	-24.150619	42.175654	-35.982830	42.206581	-39.740700	30.291592	-37.959200	43.521003	-47.245619	48.484537	-41.567984	42.899606	-47.877084	41.041237	-50.397814	54.152079	-45.279473	55.430534	-48.400133	47.982455	-56.603667	52.982117	-55.310053	46.739970	-57.866512	48.644474	-60.982801	26.668055	-54.273593	24.779283	-53.036644	21.093888	-61.835905	24.064219	-42.393849	17.221915	-48.088651	7.248255	-53.808204	13.552597	-58.766739	4.049092	-45.692612	5.369423	-53.823363	11.479295	-35.608334	7.112225	-37.524507	1.564782	-48.218545	-2.103828	-58.897240	7.063962	-33.138481	1.678838	-61.996752	
-0.154458	0.010574	-1.824355	0.271568	-1.553764	0.922059	-3.047996	1.762979	-4.669677	0.351335	-3.902114	1.924507	-5.656669	1.321877	-5.946963	0.928248	-7.122305	1.113867	-7.614901	1.501267	-7.811301	1.597535	-7.520247	1.893456	-6.350396	2.392188	-6.658452	4.150436	-8.616367	4.329808	-6.762764	4.932175	-7.546009	5.023550	-5.187996	3.771270	-6.474903	5.619287	-6.479733	6.206210	-4.618794	5.927964	-6.685027	7.378365	-7.460256	6.491604	-6.587974	7.476991	-6.297724	7.870691	-8.345441	7.071283	-8.545116	7.558683	-7.381838	8.839952	-8.162710	8.637909	-7.187781	9.037189	-7.485236	9.523907	-4.052851	8.476029	-3.757853	8.282836	-3.182249	9.657149	-3.646171	6.620591	-2.577505	7.510034	-1.019769	8.403342	-2.004413	9.177791	-0.520107	7.135808	-0.726323	8.405710	-1.680594	5.560795	-0.998523	5.860073	-0.132095	7.530321	0.440887	9.198174	-0.990985	5.175041	-0.149909	9.682271	
1.280752	-0.076019	14.366214	-2.118219	12.248493	-7.218589	23.969648	-13.789387	36.515110	-2.698517	30.615753	-14.769193	44.092180	-10.145334	46.320651	-7.122305	55.344146	-8.550092	59.125873	-11.522752	60.633792	-12.261708	58.399285	-14.533545	49.417803	-18.362716	51.782874	-31.861722	66.814637	-33.238704	52.583734	-37.863556	58.597129	-38.565104	40.493382	-28.950661	50.373664	-43.138895	50.410750	-47.645028	36.123271	-45.508793	51.986899	-56.644318	57.938765	-49.836158	51.241770	-57.401519	49.013365	-60.424173	64.734820	-54.286674	66.267840	-58.028716	57.336708	-67.865727	63.331897	-66.314531	55.846822	-69.380028	58.130549	-73.116829	31.778217	-65.071692	29.513356	-63.588443	25.094128	-74.139802	28.655909	-50.826467	20.451173	-57.655212	8.491570	-64.513635	16.051225	-70.459508	4.655393	-54.782076	6.238627	-64.531813	13.565090	-42.689829	8.328453	-44.987548	1.676410	-57.810969	-2.722689	-70.615994	8.270580	-39.728181	1.813177	-74.332678	
-0.183619	0.012303	-2.186479	0.325241	-1.862037	1.105604	-3.655173	2.115619	-5.602869	0.421101	-4.680676	2.311396	-6.788771	1.587023	-7.137550	1.113867	-8.550092	1.337826	-9.141909	1.802668	-9.377923	1.918323	-9.028185	2.273892	-7.622428	2.873213	-7.992589	4.986050	-10.345357	5.201580	-8.117940	5.925442	-9.059144	6.035246	-6.225583	4.530416	-7.772025	6.751126	-7.777829	7.456415	-5.541591	7.122055	-8.024525	8.864962	-8.956096	7.799365	-7.907899	8.983477	-7.559115	9.456576	-10.019798	8.495949	-10.259743	9.081645	-8.861864	10.621309	-9.800216	10.378520	-8.628671	10.858324	-8.986114	11.443199	-4.861513	10.183994	-4.507023	9.951839	-3.815336	11.603312	-4.372817	7.954365	-3.088632	9.023184	-1.216743	10.096648	-2.399962	11.027282	-0.616314	8.573488	-0.864118	10.099493	-2.010839	6.680839	-1.191213	7.040472	-0.150051	9.047563	0.538485	11.051775	-1.182155	6.217288	-0.171457	11.633501	
1.357974	-0.080598	15.325193	-2.260358	13.064862	-7.704655	25.577582	-14.723249	38.986297	-2.883245	32.677653	-15.794561	47.090912	-10.848325	49.474478	-7.614901	59.125873	-9.141909	63.171048	-12.321596	64.783821	-13.111993	62.393783	-15.541966	52.787199	-19.637613	55.316904	-34.076085	71.394763	-35.548885	56.173499	-40.495628	62.605403	-41.245999	43.241705	-30.962429	53.809617	-46.138109	53.849283	-50.957850	38.567456	-48.672940	55.535127	-60.583455	61.901218	-53.301474	54.738140	-61.393354	52.354647	-64.626372	69.170251	-58.061729	70.809962	-62.064202	61.257261	-72.585828	67.669690	-70.926675	59.663685	-74.205518	62.106349	-78.202385	33.920004	-69.597340	31.497517	-68.010863	26.770729	-79.296553	30.580395	-54.360704	21.804642	-61.664702	9.012699	-69.000444	17.098476	-75.360125	4.909539	-58.591607	6.602960	-69.019887	14.439315	-45.657789	8.838230	-48.115419	1.723231	-61.831300	-2.982027	-75.527502	8.776329	-42.490022	1.869516	-79.502853	
-0.244314	0.015902	-2.940214	0.436959	-2.503684	1.487641	-4.918972	2.849613	-7.545134	0.566286	-6.301315	3.117557	-9.145942	2.139828	-9.616683	1.501267	-11.522752	1.802668	-12.321596	2.431049	-12.640106	2.586942	-12.168099	3.066828	-10.270959	3.875591	-10.770549	6.726930	-13.945655	7.017803	-10.939711	7.994678	-12.209896	8.142861	-8.385910	6.112042	-10.472885	9.108966	-10.480719	10.060777	-7.462840	9.609546	-10.813643	11.961659	-12.070830	10.523600	-10.656253	12.121599	-10.185556	12.760061	-13.506331	11.463664	-13.830144	12.254079	-11.943660	14.331908	-13.209998	14.004256	-11.628958	14.651767	-12.111340	15.441076	-6.545052	13.741737	-6.066654	13.428436	-5.133199	15.657155	-5.885539	10.732777	-4.152488	12.175185	-1.626311	13.623860	-3.223105	14.879782	-0.816012	11.568304	-1.150431	13.627700	-2.697969	9.014110	-1.591857	9.499447	-0.186774	12.208085	0.742429	14.912836	-1.579632	8.388533	-0.215662	15.697895	
1.388765	-0.082423	15.707567	-2.317033	13.390374	-7.898464	26.218715	-15.095609	39.971636	-2.956903	33.499797	-16.203404	48.286590	-11.128616	50.731996	-7.811301	60.633792	-9.377923	64.783821	-12.640106	66.438670	-13.450996	63.986493	-15.944025	54.130659	-20.145947	56.726008	-34.958996	73.220974	-36.470023	57.604824	-41.545085	64.203592	-42.314924	44.337534	-31.764561	55.179614	-47.333951	55.220310	-52.278732	39.542023	-49.934543	56.949890	-62.154055	63.481138	-54.683157	56.132227	-62.984966	53.686899	-66.301859	70.938754	-59.566908	72.621004	-63.673218	62.820475	-74.467809	69.399263	-72.765612	61.185556	-76.129519	63.691591	-80.230078	34.774001	-71.401790	32.288667	-69.774154	27.439250	-81.352632	31.347752	-55.769866	22.344327	-63.263354	9.220519	-70.789408	17.516068	-77.314081	5.010911	-60.110533	6.748264	-70.809356	14.787920	-46.841169	9.041524	-49.362559	1.741939	-63.434273	-3.085389	-77.485800	8.978018	-43.591220	1.892020	-81.564284	
-0.259402	0.016796	-3.127588	0.464732	-2.663194	1.582613	-5.233146	3.032080	-8.027976	0.602379	-6.704192	3.317926	-9.731880	2.277209	-10.232929	1.597535	-12.261708	1.918323	-13.111993	2.586942	-13.450996	2.753263	-12.948607	3.263877	-10.929318	4.124722	-11.461078	7.159624	-14.840599	7.469235	-11.641129	8.508989	-12.993087	8.666712	-8.922916	6.505149	-11.144250	9.695014	-11.152588	10.708101	-7.940421	10.227821	-11.506946	12.731360	-12.845069	11.200720	-11.339423	12.901597	-10.838423	13.581162	-14.372986	12.201304	-14.717646	13.042606	-12.709712	15.254203	-14.057575	14.905457	-12.374749	15.594655	-12.888186	16.434778	-6.963547	14.626037	-6.454351	14.292567	-5.460801	16.664768	-6.261576	11.423364	-4.416952	12.958632	-1.728143	14.500572	-3.427737	15.837349	-0.865677	12.312681	-1.221627	14.504659	-2.868793	9.594051	-1.691470	10.110634	-0.195930	12.993650	0.793095	15.872531	-1.678459	8.928200	-0.226678	16.708131	
1.343139	-0.079718	15.140956	-2.233051	12.908023	-7.611273	25.268670	-14.543838	38.511540	-2.847756	32.281524	-15.597556	46.514787	-10.713247	48.868554	-7.520247	58.399285	-9.028185	62.393783	-12.168099	63.986493	-12.948607	61.626439	-15.348184	52.139857	-19.392662	54.637928	-33.650636	70.514804	-35.105028	55.483815	-39.989923	61.835309	-40.730914	42.713690	-30.575907	53.149484	-45.561864	53.188655	-50.321351	38.097876	-48.065006	54.853423	-59.826619	61.139927	-52.635676	54.066400	-60.626393	51.712704	-63.818994	68.318086	-57.336419	69.937298	-61.288854	60.504021	-71.678943	66.836284	-70.040532	58.930367	-73.278385	61.342494	-77.225284	33.508524	-68.727816	31.116323	-67.161173	26.448627	-78.305773	30.210667	-53.681663	21.544625	-60.894350	8.912602	-68.138382	16.897293	-74.418557	4.860739	-57.859673	6.532989	-68.157583	14.271377	-45.087549	8.740314	-47.514455	1.714265	-61.058864	-2.932170	-74.583842	8.679188	-41.959384	1.858721	-78.509494	
-0.305791	0.019547	-3.703667	0.550118	-3.153604	1.874603	-6.199066	3.593071	-9.512466	0.713348	-7.942823	3.933917	-11.533288	2.699521	-12.127511	1.893456	-14.533545	2.273892	-15.541966	3.066828	-15.944025	3.263877	-15.348184	3.869875	-12.953402	4.890605	-13.584038	8.489870	-17.592021	8.857064	-13.797571	10.090149	-15.400927	10.277200	-10.573910	7.713702	-13.208297	11.496714	-13.218186	12.698185	-9.408719	12.128596	-13.638436	15.097668	-15.225383	13.282406	-13.439762	15.299561	-12.845602	16.105491	-17.037416	14.469049	-17.446165	15.466790	-15.064856	18.089634	-16.663354	17.676038	-14.667608	18.493392	-15.276518	19.489735	-8.250195	17.344660	-7.646314	16.949181	-6.468014	19.762492	-7.417693	13.546451	-5.230062	15.367202	-2.041270	17.195865	-4.056903	18.781214	-1.018429	14.601137	-1.440567	17.200712	-3.394024	11.376978	-1.997778	11.989619	-0.224142	15.408731	0.948791	18.822938	-1.982347	10.587313	-0.260608	19.813919	
1.159743	-0.068843	12.863472	-1.895484	10.969223	-6.456912	21.449978	-12.326002	32.642705	-2.409044	27.384701	-13.162378	39.393095	-9.043726	41.378515	-6.350396	49.417803	-7.622428	52.787199	-10.270959	54.130659	-10.929318	52.139857	-12.953402	44.138044	-16.364858	46.245049	-28.391809	59.637468	-29.618466	46.958588	-33.739105	52.316203	-34.364146	36.186739	-25.798205	44.989536	-38.439149	45.022576	-42.453873	32.293196	-40.550603	46.426840	-50.471762	51.729635	-44.406054	45.762970	-51.146387	43.777580	-53.839411	57.784558	-48.371226	59.150397	-51.705186	51.193235	-60.469439	56.534628	-59.087405	49.865826	-61.818600	51.900504	-65.147891	28.421985	-57.980103	26.404114	-56.658607	22.466818	-66.059304	25.640175	-45.288367	18.330193	-51.372415	7.674825	-57.482903	14.410074	-62.780358	4.256996	-48.812604	5.667573	-57.499099	12.195060	-38.039058	7.529497	-40.086202	1.602881	-51.511186	-2.316481	-62.919779	7.477935	-35.400387	1.724733	-66.231146	
-0.383982	0.024183	-4.674679	0.694040	-3.980217	2.366768	-7.827176	4.538651	-12.014646	0.900391	-10.030614	4.972285	-14.569587	3.411286	-15.320854	2.392188	-18.362716	2.873213	-19.637613	3.875591	-20.145947	4.124722	-19.392662	4.890605	-16.364858	6.181654	-17.162219	10.731915	-22.229327	11.196241	-17.432169	12.755076	-19.459211	12.991559	-13.356638	9.750627	-16.687178	14.533331	-16.699680	16.052292	-11.883550	15.332189	-17.230982	19.085842	-19.237283	16.790894	-16.979808	19.341085	-16.228641	20.359984	-21.528148	18.291109	-22.044910	19.552506	-19.034336	22.868440	-21.055240	22.345551	-18.532114	23.378892	-19.301930	24.638521	-10.418885	21.926605	-9.655428	21.426620	-8.165760	24.983354	-9.366393	17.124714	-6.600676	19.426600	-2.569240	21.738491	-5.117508	23.742772	-1.276112	18.458101	-1.809800	21.744618	-4.279462	14.381952	-2.514256	15.156485	-0.271933	19.479104	1.210950	23.795521	-2.494747	13.383617	-0.318035	25.048370	
1.208036	-0.071707	13.463202	-1.984375	11.479767	-6.760890	22.455554	-12.910025	34.188146	-2.524570	28.674181	-13.803630	41.268447	-9.483356	43.350862	-6.658452	51.782874	-7.992589	55.316904	-10.770549	56.726008	-11.461078	54.637928	-13.584038	46.245049	-17.162219	48.455237	-29.776634	62.501704	-31.063269	49.203586	-35.385210	54.822935	-36.040797	37.905460	-27.056324	47.138336	-40.314879	47.172992	-44.525739	33.821706	-42.529487	48.645861	-52.935334	54.207721	-46.573291	47.949558	-53.642918	45.867172	-56.467509	60.558455	-50.732180	61.991021	-54.229019	53.645116	-63.421444	59.247460	-61.971892	52.252857	-64.836518	54.386938	-68.328459	29.761372	-60.810492	27.644919	-59.424435	23.515269	-69.284402	26.843658	-47.498708	19.176550	-53.879988	8.000619	-60.289003	15.064915	-65.845262	4.415813	-51.195119	5.895303	-60.305989	12.741688	-39.895235	7.848190	-42.042393	1.632032	-54.025540	-2.478809	-65.991495	7.794110	-37.127654	1.759838	-69.464637	
-0.659625	0.040527	-8.097724	1.201401	-6.894223	4.101765	-13.566647	7.872045	-20.835512	1.559784	-17.390464	8.631991	-25.273424	5.920490	-26.578280	4.150436	-31.861722	4.986050	-34.076085	6.726930	-34.958996	7.159624	-33.650636	8.489870	-28.391809	10.731915	-29.776634	18.635748	-38.577925	19.442035	-30.245533	22.149832	-33.766390	22.560581	-23.166586	16.931258	-28.951534	25.238547	-28.973250	27.876888	-20.607940	26.626112	-29.896088	33.145975	-33.380907	29.159794	-29.459815	33.589317	-28.155083	35.359081	-37.359998	31.765575	-38.257580	33.956541	-33.028402	39.716112	-36.538585	38.807887	-32.156073	40.602735	-33.493195	42.790633	-18.063906	38.080205	-16.737829	37.211762	-14.150368	43.389585	-16.235793	29.739618	-11.431916	33.737852	-4.429563	37.753462	-8.855745	41.234773	-2.183479	32.055629	-3.110464	37.764105	-7.400111	24.975613	-4.334058	26.320928	-0.439284	33.829048	2.136391	41.326396	-4.300173	23.241567	-0.519361	43.502516	
1.514973	-0.089907	17.274871	-2.549338	14.724604	-8.692865	28.846636	-16.621864	44.010432	-3.258818	36.869637	-17.879057	53.187558	-12.277521	55.886444	-8.616367	66.814637	-10.345357	71.394763	-13.945655	73.220974	-14.840599	70.514804	-17.592021	59.637468	-22.229327	62.501704	-38.577925	80.732553	-40.266601	63.471589	-45.846646	70.754260	-46.696288	48.829220	-35.052457	60.795018	-52.235497	60.839930	-57.692771	43.536685	-55.105620	62.748771	-68.591603	69.956938	-60.346397	61.846363	-69.508632	59.147592	-73.169299	78.187486	-65.736315	80.044090	-70.268217	69.227802	-82.181595	76.488437	-80.302977	67.423435	-84.015530	70.189204	-88.541084	38.274491	-78.797803	35.531569	-77.001474	30.179543	-89.779986	34.493134	-61.545734	24.556564	-69.815872	10.072560	-78.121953	19.227887	-85.322864	5.426653	-66.336282	7.344071	-78.143968	16.216985	-51.691636	9.875013	-54.474351	1.818874	-70.004506	-3.508775	-85.512381	9.804925	-48.104851	1.984509	-90.013573	
-0.687740	0.042194	-8.446865	1.253150	-7.191443	4.278730	-14.152057	8.212041	-21.735195	1.627035	-18.141170	9.005436	-26.365219	6.176482	-27.726563	4.329808	-33.238704	5.201580	-35.548885	7.017803	-36.470023	7.469235	-35.105028	8.857064	-29.618466	11.196241	-31.063269	19.442035	-40.266601	20.301553	-31.552407	23.108196	-35.225522	23.536742	-24.167219	17.663914	-30.202422	26.330534	-30.225075	29.083000	-21.497877	27.778119	-31.187834	34.580005	-34.823394	30.421397	-30.732689	35.042524	-29.371518	36.888843	-38.974609	33.139894	-39.911017	35.425635	-34.455642	41.434347	-38.117664	40.486834	-33.545579	42.359322	-34.940541	44.641861	-18.843803	39.727674	-17.460363	38.821664	-14.760978	45.266729	-16.936610	31.026300	-11.924932	35.197484	-4.619676	39.386798	-9.237322	43.018701	-2.276433	33.442493	-3.243516	39.397901	-7.718722	26.056215	-4.520040	27.459725	-0.456788	35.292625	2.230303	43.114287	-4.484690	24.247158	-0.540329	45.384540	
1.224389	-0.072677	13.666281	-2.014475	11.652646	-6.863822	22.796059	-13.107785	34.711461	-2.563690	29.110818	-14.020752	41.903473	-9.632222	44.018731	-6.762764	52.583734	-8.117940	56.173499	-10.939711	57.604824	-11.641129	55.483815	-13.797571	46.958588	-17.432169	49.203586	-30.245533	63.471589	-31.552407	49.963819	-35.942554	55.671789	-36.608484	38.487460	-27.482309	47.865970	-40.949988	47.901171	-45.227276	34.339278	-43.199529	49.397276	-53.769536	55.046874	-47.307129	48.689989	-54.488282	46.574754	-57.357430	61.497793	-51.531624	62.952957	-55.083626	54.475394	-64.421063	60.166115	-62.948644	53.061172	-65.858460	55.228919	-69.405486	30.214890	-61.768924	28.065050	-60.361001	23.870254	-70.376510	27.251149	-48.247144	19.463091	-54.729090	8.110857	-61.239208	15.286595	-66.883119	4.469501	-52.001866	5.972330	-61.256462	12.926718	-40.523725	7.956024	-42.704754	1.641806	-54.876937	-2.533885	-67.031658	7.901091	-37.712485	1.771627	-70.559590	
-0.782180	0.047794	-9.619658	1.426981	-8.189830	4.873170	-16.118495	9.354118	-24.757391	1.852959	-20.662758	10.259158	-30.032495	7.036114	-31.583484	4.932175	-37.863556	5.925442	-40.495628	7.994678	-41.545085	8.508989	-39.989923	10.090149	-33.739105	12.755076	-35.385210	22.149832	-45.846646	23.108196	-35.942554	26.326924	-40.127614	26.815145	-27.528173	20.123855	-34.404442	29.998308	-34.430252	33.134374	-24.486815	31.647637	-35.527184	39.397474	-39.669416	34.659299	-35.008609	39.924452	-33.457739	42.028083	-44.399163	37.756661	-45.466074	40.360954	-39.250410	47.207069	-43.422791	46.127507	-38.213517	48.260954	-39.802887	50.861599	-21.462850	45.262547	-19.886608	44.230272	-16.811022	51.573546	-19.289862	35.348506	-13.579732	40.101007	-5.256381	44.874164	-10.517565	49.012226	-2.586573	38.101433	-3.688433	44.886815	-8.787325	29.685768	-5.142860	31.284878	-0.513334	40.209408	2.548243	49.121134	-5.102583	27.624593	-0.608518	51.707780	
1.347180	-0.079958	15.191145	-2.240490	12.950748	-7.636711	25.352821	-14.592712	38.640890	-2.857429	32.389412	-15.651050	46.671708	-10.749995	49.033572	-7.546009	58.597129	-9.059144	62.605403	-12.209896	64.203592	-12.993087	61.835309	-15.400927	52.316203	-19.459211	54.822935	-33.766390	70.754260	-35.225522	55.671789	-40.127614	62.045366	-40.871154	42.857465	-30.681029	53.329380	-45.718862	53.368689	-50.494857	38.225623	-48.230685	55.039229	-60.033097	61.347535	-52.817213	54.249476	-60.835645	51.887620	-64.039317	68.550585	-57.534260	70.175412	-61.500401	60.709422	-71.926521	67.063645	-70.282428	59.130311	-73.531509	61.550803	-77.492096	33.620347	-68.965162	31.219851	-67.393086	26.535966	-78.576324	30.311054	-53.866830	21.614960	-61.104530	8.939134	-68.373683	16.951514	-74.675635	4.873221	-58.059331	6.551269	-68.392949	14.316491	-45.242918	8.766249	-47.678239	1.715836	-61.269615	-2.946711	-74.841493	8.704910	-42.103905	1.860793	-78.780757	
-0.796505	0.048644	-9.797557	1.453349	-8.341274	4.963339	-16.416781	9.527358	-25.215821	1.887229	-21.045256	10.449351	-30.588781	7.166516	-32.168539	5.023550	-38.565104	6.035246	-41.245999	8.142861	-42.314924	8.666712	-40.730914	10.277200	-34.364146	12.991559	-36.040797	22.560581	-46.696288	23.536742	-36.608484	26.815145	-40.871154	27.312510	-28.037994	20.497028	-35.041833	30.554678	-35.068121	33.748931	-24.940197	32.234612	-36.185403	40.128231	-40.404483	35.302149	-35.657206	40.664985	-34.077563	42.807645	-45.221984	38.456974	-46.308690	41.109584	-39.977706	48.082717	-44.227497	46.983125	-38.921575	49.156155	-40.540433	51.805050	-21.860130	46.102118	-20.254644	45.050691	-17.121997	52.530206	-19.646827	36.004142	-13.830756	40.844817	-5.352983	45.706529	-10.711777	49.921365	-2.633642	38.808144	-3.755945	45.719415	-8.949436	30.236343	-5.237355	31.865121	-0.521938	40.955228	2.596440	50.032293	-5.196331	28.136927	-0.618887	52.666930	
0.977510	-0.058038	10.600435	-1.560058	9.042721	-5.309874	17.655510	-10.122236	26.811068	-1.973106	22.518974	-10.742907	32.316605	-7.384860	33.936044	-5.187996	40.493382	-6.225583	43.241705	-8.385910	44.337534	-8.922916	42.713690	-10.573910	36.186739	-13.356638	37.905460	-23.166586	48.829220	-24.167219	38.487460	-27.528173	42.857465	-28.037994	29.701286	-21.051065	36.881380	-31.361818	36.908332	-34.636477	26.525451	-33.084056	38.053735	-41.176365	42.379025	-36.228797	37.512242	-41.726632	35.892834	-43.923230	47.317798	-39.463038	48.431861	-42.182423	41.941504	-49.331094	46.298278	-48.203821	40.858787	-50.431554	42.518397	-53.147131	23.367852	-47.300636	21.721951	-46.222742	18.510449	-53.890535	21.098836	-36.948468	15.136360	-41.910995	6.445180	-46.895089	11.938868	-51.216023	3.657387	-39.823055	4.807941	-46.908300	10.132165	-31.035481	6.326642	-32.705260	1.492526	-42.024186	-1.704349	-51.329743	6.284585	-28.883218	1.591916	-54.030700	
-0.600183	0.037003	-7.359544	1.091989	-6.265817	3.727613	-12.328929	7.153198	-18.933293	1.417586	-15.803309	7.842755	-22.965143	5.379380	-24.150619	3.771270	-28.950661	4.530416	-30.962429	6.112042	-31.764561	6.505149	-30.575907	7.713702	-25.798205	9.750627	-27.056324	16.931258	-35.052457	17.663914	-27.482309	20.123855	-30.681029	20.497028	-21.051065	15.382854	-26.306699	22.929976	-26.326426	25.326927	-18.726490	24.190586	-27.164834	30.113929	-30.330815	26.492456	-26.768477	30.516708	-25.583119	32.124550	-33.945846	28.859826	-34.761305	30.850334	-30.010562	36.082942	-33.199586	35.257813	-29.218045	36.888445	-30.432830	38.876164	-16.415217	34.596709	-15.210467	33.807723	-12.859741	39.420318	-14.754364	27.019229	-10.390008	30.651652	-4.028322	34.299861	-8.049539	37.462656	-1.987740	29.123341	-2.829912	34.309530	-6.727086	22.691097	-3.941556	23.913326	-0.403126	30.734504	1.936892	37.545896	-3.910771	21.115704	-0.475877	39.522916	
1.179261	-0.070001	13.105856	-1.931410	11.175562	-6.579766	21.856386	-12.562038	33.267299	-2.455733	27.905854	-13.421576	40.151030	-9.221413	42.175654	-6.474903	50.373664	-7.772025	53.809617	-10.472885	55.179614	-11.144250	53.149484	-13.208297	44.989536	-16.687178	47.138336	-28.951534	60.795018	-30.202422	47.865970	-34.404442	53.329380	-35.041833	36.881380	-26.306699	45.858066	-39.197322	45.891732	-43.291314	32.910955	-41.350456	47.323727	-51.467534	52.731240	-45.282043	46.646748	-52.155482	44.622150	-54.901688	58.905739	-49.325516	60.298551	-52.725315	52.184250	-61.662645	57.631126	-60.253319	50.830627	-63.038450	52.905486	-66.433488	28.963298	-59.124150	26.905578	-57.776557	22.890530	-67.362903	26.126553	-46.181778	18.672213	-52.385973	7.806422	-58.617132	14.674679	-64.019202	4.321097	-49.775610	5.759530	-58.633648	12.415923	-38.789307	7.658224	-40.876879	1.614569	-52.527485	-2.382194	-64.161376	7.605644	-36.098527	1.738827	-67.538136	
-0.889900	0.054181	-10.957370	1.625255	-9.328611	5.551199	-18.361455	10.656794	-28.204547	2.110647	-23.538956	11.689359	-34.215503	8.016695	-35.982830	5.619287	-43.138895	6.751126	-46.138109	9.108966	-47.333951	9.695014	-45.561864	11.496714	-38.439149	14.533331	-40.314879	25.238547	-52.235497	26.330534	-40.949988	29.998308	-45.718862	30.554678	-31.361818	22.929976	-39.197322	34.181938	-39.226716	37.755450	-27.896158	36.061307	-40.476670	44.892260	-45.196745	39.493104	-39.885753	45.492750	-38.118536	47.889840	-50.586298	43.022549	-51.802044	45.990144	-44.719289	53.791298	-49.473720	52.561136	-43.537748	54.992201	-45.348837	57.955638	-24.450347	51.575514	-22.654217	50.399236	-19.149583	58.766906	-21.974224	40.278453	-15.467524	45.693934	-5.983056	51.132951	-11.978181	55.848278	-2.940807	43.415416	-4.196378	51.147367	-10.006571	33.825756	-5.853698	35.647944	-0.578348	45.817456	2.910322	55.972378	-5.807803	31.477044	-0.686810	58.919865	
1.180018	-0.070046	13.115260	-1.932804	11.183567	-6.584533	21.872154	-12.571196	33.291532	-2.457545	27.926074	-13.431631	40.180437	-9.228306	42.206581	-6.479733	50.410750	-7.777829	53.849283	-10.480719	55.220310	-11.152588	53.188655	-13.218186	45.022576	-16.699680	47.172992	-28.973250	60.839930	-30.225075	47.901171	-34.430252	53.368689	-35.068121	36.908332	-26.326426	45.891732	-39.226716	45.925490	-43.323827	32.934921	-41.381486	47.358523	-51.506167	52.770101	-45.316029	46.681034	-52.194632	44.654915	-54.942902	58.949235	-49.362541	60.343097	-52.764894	52.222698	-61.708941	57.673668	-60.298556	50.868058	-63.085780	52.944477	-66.483369	28.984298	-59.168538	26.925033	-57.819932	22.906967	-67.413480	26.145421	-46.216444	18.685481	-52.425298	7.811527	-58.661139	14.684945	-64.067267	4.323584	-49.812975	5.763098	-58.677667	12.424492	-38.818418	7.663218	-40.907558	1.615023	-52.566917	-2.384742	-64.209548	7.610599	-36.125617	1.739374	-67.588845	
-0.981913	0.059637	-12.100027	1.794619	-10.301344	6.130364	-20.277366	11.769524	-31.149067	2.330761	-25.995770	12.911017	-37.788579	8.854296	-39.740700	6.206210	-47.645028	7.456415	-50.957850	10.060777	-52.278732	10.708101	-50.321351	12.698185	-42.453873	16.052292	-44.525739	27.876888	-57.692771	29.083000	-45.227276	33.134374	-50.494857	33.748931	-34.636477	25.326927	-43.291314	37.755450	-43.323827	41.702788	-30.808369	39.831418	-44.704467	49.585897	-49.918159	43.622108	-44.051752	50.249186	-42.099725	52.896957	-55.871332	47.520657	-57.214218	50.798594	-49.390768	59.415573	-54.642405	58.056763	-48.085664	60.742063	-50.086152	64.015408	-27.002195	56.968071	-25.018232	55.668781	-21.147092	64.911504	-24.267128	44.489599	-17.079979	50.471413	-6.603660	56.479224	-13.225734	61.687664	-3.243263	47.954616	-4.630137	56.495147	-11.047939	37.362104	-6.460774	39.374849	-0.633747	50.607853	3.219756	61.824741	-6.410079	34.767772	-0.753551	65.080465	
0.888274	-0.052747	9.492261	-1.395806	8.099344	-4.748187	15.797420	-9.043086	23.955404	-1.759634	20.136309	-9.558160	28.851366	-6.572551	30.291592	-4.618794	36.123271	-5.541591	38.567456	-7.462840	39.542023	-7.940421	38.097876	-9.408719	32.293196	-11.883550	33.821706	-20.607940	43.536685	-21.497877	34.339278	-24.486815	38.225623	-24.940197	26.525451	-18.726490	32.910955	-27.896158	32.934921	-30.808369	23.701277	-29.427743	33.953558	-36.624409	37.800115	-32.224444	33.471998	-37.113770	32.031831	-39.067243	42.192250	-35.100717	43.183004	-37.519114	37.411018	-43.876550	41.285571	-42.874047	36.448138	-44.855208	37.924058	-47.270217	20.893158	-42.070830	19.429427	-41.112239	16.573375	-47.931346	18.875277	-32.864451	13.572736	-37.277720	5.843507	-41.710169	10.729146	-45.552856	3.364270	-35.420875	4.387479	-41.721917	9.122411	-27.605921	5.738088	-29.090887	1.439018	-37.378383	-1.404023	-45.653989	5.700686	-25.691873	1.527408	-48.056001	
-0.938292	0.057051	-11.558326	1.714329	-9.840200	5.855799	-19.369088	11.242011	-29.753157	2.226412	-24.831064	12.331854	-36.094685	8.457210	-37.959200	5.927964	-45.508793	7.122055	-48.672940	9.609546	-49.934543	10.227821	-48.065006	12.128596	-40.550603	15.332189	-42.529487	26.626112	-55.105620	27.778119	-43.199529	31.647637	-48.230685	32.234612	-33.084056	24.190586	-41.350456	36.061307	-41.381486	39.831418	-29.427743	38.044146	-42.700179	47.360767	-47.679869	41.664651	-42.076760	47.994287	-40.212343	50.523222	-53.365860	45.388217	-54.648476	48.519035	-47.176152	56.749272	-52.192089	55.451447	-45.929624	58.016227	-47.840327	61.142660	-25.792412	54.411615	-23.897496	53.170641	-20.200110	61.998523	-23.180109	42.493220	-16.315543	48.206552	-6.309438	53.944710	-12.634289	58.919376	-3.099867	45.802717	-4.424493	53.959919	-10.554242	35.685635	-6.172965	37.608041	-0.607475	48.336867	3.073069	59.050301	-6.124545	33.207746	-0.721902	62.159897	
